1 22675U 93036A   26124.55697691  .00000102  00000+0  46312-4 0  9998
2 22675  74.0406  54.9326 0023693 105.7150 254.6617 14.33247429718192
1 33757U 93036E   26124.97524918  .00000074  00000+0  36584-4 0  9996
2 33757  74.0374  62.1219 0013955  41.9237  31.4899 14.32617908900477
1 33758U 93036F   26125.20033772  .00003066  00000+0  75379-3 0  9995
2 33758  74.0273 304.5586 0015718 341.4753 136.9400 14.52657133903878
1 33760U 93036H   26125.18981764  .00000254  00000+0  96789-4 0  9993
2 33760  74.0337  18.1676 0019444  85.4949  72.1723 14.35764941901832
1 33761U 93036J   26125.05593534  .00000994  00000+0  30392-3 0  9992
2 33761  74.0367 346.1624 0022291  35.5248 114.9218 14.42971239903019
1 33762U 93036K   26124.82732934  .00000109  00000+0  48733-4 0  9993
2 33762  74.0429  48.4227 0014157  78.9488 336.9880 14.33711075900983
1 33764U 93036M   26125.12797412  .00000688  00000+0  22726-3 0  9996
2 33764  74.0351   7.8165 0022476 295.2457 217.1977 14.39812442902202
1 33765U 93036N   26125.04103137  .00049241  00000+0  21225-2 0  9993
2 33765  74.0020 234.2772 0056137 288.1457  71.3633 15.20879466917898
1 33766U 93036P   26125.04979323  .00001136  00000+0  39494-3 0  9991
2 33766  74.1864 234.6193 0063426  36.7860 323.7619 14.35430522898012
1 33768U 93036R   26125.08054336  .00000483  00000+0  44170-3 0  9996
2 33768  74.0697 348.4852 0367242 114.5878  44.8392 13.58594788852423
1 33779U 93036U   26125.05240801  .00010830  00000+0  16437-2 0  9990
2 33779  74.0446 251.9206 0013837 254.0887 226.3137 14.74094107906373
1 33782U 93036X   26124.77653454  .00001067  00000+0  34043-3 0  9990
2 33782  74.0346  12.9247 0019663  48.0743  14.6451 14.40840838901860
1 33785U 93036AA  26125.05823655  .00003956  00000+0  60882-3 0  9996
2 33785  73.8631 138.1292 0016533  43.4329  19.5081 14.73757409906168
1 33789U 93036AE  26124.92154229  .00000324  00000+0  22837-3 0  9993
2 33789  74.0643 204.3543 0240574 286.4194 192.6438 13.89003830870837
1 33791U 93036AG  26124.98645741  .00000869  00000+0  26115-3 0  9993
2 33791  74.1719 133.6083 0031020 283.8497 102.4508 14.43866722901198
1 33792U 93036AH  26125.10885779  .00000481  00000+0  47778-3 0  9994
2 33792  73.8970 116.3114 0429449 156.0090 281.9486 13.46099042843719
1 33793U 93036AJ  26124.76433769  .00001113  00000+0  44240-3 0  9998
2 33793  73.9807 249.8516 0077897   7.5586 110.4452 14.28220013892486
1 33795U 93036AL  26125.07383811  .00020329  00000+0  11281-2 0  9995
2 33795  74.0336 141.0405 0031793 197.0721 223.5837 15.13261459921848
1 33797U 93036AN  26125.06002126  .00001354  00000+0  29013-3 0  9993
2 33797  74.0439 122.4148 0061984 175.0447 241.9697 14.58517645910741
1 33798U 93036AP  26123.74219892  .00000353  00000+0  10474-3 0  9996
2 33798  74.0299 231.3653 0092057 317.2516 205.5145 14.44778764906441
1 33799U 93036AQ  26125.06754391  .00013029  00000+0  15644-2 0  9999
2 33799  74.0301 158.6835 0024065 202.0284 186.6240 14.83830792909346
1 33805U 93036AW  26125.15398083  .00000895  00000+0  19547-3 0  9993
2 33805  74.0322  38.4243 0061585 191.0351 168.9468 14.58205369913174
1 33811U 93036BC  26125.12146943  .00016502  00000+0  95877-3 0  9995
2 33811  73.8383   3.7826 0025642  67.6235  84.5993 15.11810950921803
1 33816U 93036BH  26124.69402850  .00000710  00000+0  52251-3 0  9996
2 33816  73.8956 223.0346 0265185 209.1473 149.4631 13.82018897866481
1 33818U 93036BK  26125.21874462  .00099907  00000+0  34617-2 0  9990
2 33818  74.0765 226.0347 0009145 166.0532 194.0925 15.29325023920430
1 33819U 93036BL  26124.95000787  .00001779  00000+0  63314-3 0  9999
2 33819  74.1784 310.6793 0089947 131.5009 343.7094 14.32746928895460
1 33821U 93036BN  26125.16881855  .00044827  00000+0  12532-2 0  9995
2 33821  74.0260 197.1647 0039069 194.6811 165.3264 15.35687375771956
1 33822U 93036BP  26124.92515019  .00001866  00000+0  89653-3 0  9990
2 33822  74.0674 300.6950 0148654 313.0910 200.3836 14.13960920880773
1 33823U 93036BQ  26124.78340339  .00000526  00000+0  31537-3 0  9996
2 33823  73.8092 258.5526 0208283 359.0060 121.8380 13.99321281876103
1 33825U 93036BS  26124.97726536  .00010619  00000+0  16029-2 0  9998
2 33825  73.9815 108.6450 0076672  40.7331 345.1188 14.72393677909867
1 33826U 93036BT  26125.10608837  .00006243  00000+0  14337-2 0  9996
2 33826  74.0625 139.9372 0081663 150.5834 268.3443 14.53626453898512
1 33828U 93036BV  26125.03644572  .00000994  00000+0  29236-3 0  9998
2 33828  74.0464 331.5136 0028208  11.1493 112.3260 14.44801667903820
1 33830U 93036BX  26124.94962742  .00004853  00000+0  65514-3 0  9999
2 33830  74.0315 309.1334 0041137  35.2077 114.5885 14.78783888915876
1 33832U 93036BZ  26124.52005719  .00004672  00000+0  92074-3 0  9997
2 33832  74.0543 297.0613 0021257 294.4588 121.3033 14.62663898905111
1 33835U 93036CC  26124.65343855  .00003057  00000+0  58105-3 0  9993
2 33835  74.0564 187.4218 0054931 204.9012 314.9544 14.63639860908790
1 33836U 93036CD  26124.99799133  .00007297  00000+0  90874-3 0  9994
2 33836  73.9969 335.6000 0025049 149.4781  12.7363 14.82424508662092
1 33837U 93036CE  26125.05828609  .00000640  00000+0  16774-3 0  9996
2 33837  74.0102 145.7017 0034959 329.9389  29.9764 14.51011484908742
1 33838U 93036CF  26124.61799176  .00001104  00000+0  29823-3 0  9999
2 33838  74.0371 242.1284 0027082 327.3333  43.8398 14.48813006906381
1 33839U 93036CG  26124.70703042  .00000921  00000+0  16979-3 0  9991
2 33839  74.0378 291.6580 0083723   7.2783   9.1186 14.64862335916731
1 33841U 93036CJ  26125.14301769  .00000472  00000+0  16420-3 0  9995
2 33841  74.0394  13.9693 0019843  63.4268  93.2204 14.38062650901750
1 33842U 93036CK  26125.20047513  .00000816  00000+0  24848-3 0  9992
2 33842  74.0326 313.2877 0046434  26.4028 333.9480 14.43024874904064
1 33844U 93036CM  26125.06985299  .00000714  00000+0  26136-3 0  9999
2 33844  74.0645 151.0205 0047169 139.8453 251.5832 14.34079254897801
1 33848U 93036CR  26124.94574251  .00002659  00000+0  75927-3 0  9993
2 33848  74.0295  90.9363 0041632 118.5889 304.8246 14.45135002898996
1 33892U 93036CV  26125.17170840  .00001408  00000+0  58648-3 0  9996
2 33892  73.8027 200.2748 0113879 206.4489 179.8971 14.23826236889968
1 33894U 93036CX  26125.13877441  .00001583  00000+0  16446-2 0  9998
2 33894  73.7628 127.1923 0570117  25.9914 336.8653 13.21624671826023
1 33896U 93036CZ  26124.39550984  .00000991  00000+0  44665-3 0  9994
2 33896  73.7660 257.5825 0125462  49.4726 335.7503 14.19492550887645
1 33899U 93036DC  26125.10122588  .00002597  00000+0  50762-3 0  9991
2 33899  74.0520 171.6226 0057153 198.3621 189.8615 14.62384615909341
1 33900U 93036DD  26124.93184858  .00001516  00000+0  32424-3 0  9997
2 33900  74.0168  86.8951 0048809 203.1491 222.1103 14.58962958911244
1 33901U 93036DE  26125.00886794  .00082011  00000+0  18840-2 0  9999
2 33901  73.7660 100.5051 0032066 220.1364 139.7475 15.41763846917013
1 33905U 93036DJ  26124.58858031  .00001412  00000+0  48693-3 0  9994
2 33905  73.8869  52.1308 0058058 269.2054 270.0816 14.35911255897370
1 33906U 93036DK  26125.17674977  .00010201  00000+0  21339-2 0  9999
2 33906  74.0303  48.3454 0032109  52.2125  16.5595 14.59558080900993
1 33907U 93036DL  26125.00049838  .00003888  00000+0  13463-2 0  9996
2 33907  74.0666 133.0128 0114216 156.6520 234.8874 14.32376927886306
1 33908U 93036DM  26124.95946988  .00001675  00000+0  79881-3 0  9991
2 33908  73.8374 311.3508 0216133 309.8444  48.3849 14.08584603874897
1 33911U 93036DQ  26125.10984756  .00011160  00000+0  15159-2 0  9995
2 33911  74.0898 241.7225 0011936 134.4038 287.2062 14.78849587907612
1 33912U 93036DR  26124.88720073  .00002337  00000+0  57465-3 0  9993
2 33912  74.0337 279.8399 0010669 326.6558 198.7138 14.52837033905117
1 33913U 93036DS  26124.80314332  .00001224  00000+0  32491-3 0  9999
2 33913  74.0330 275.4562 0047329 342.8103 145.9892 14.49107009905293
1 33914U 93036DT  26125.05550380  .00000382  00000+0  31923-3 0  9996
2 33914  74.0875 138.8515 0304442 208.6689 160.1704 13.72181569860477
1 33915U 93036DU  26125.07444034  .00000803  00000+0  27068-3 0  9990
2 33915  74.0403 131.3216 0106312 189.2677 228.1330 14.35498644898148
1 33916U 93036DV  26125.06866255  .00000410  00000+0  34892-3 0  9990
2 33916  74.0503 165.0743 0325257 304.9897  76.8748 13.68738597858528
1 33917U 93036DW  26124.80739566  .00000866  00000+0  69225-3 0  9999
2 33917  74.1057 247.7287 0330986 315.0847  42.3916 13.69748460856926
1 33920U 93036DZ  26124.13630197  .00005948  00000+0  12200-2 0  9995
2 33920  74.0622  27.3079 0031579   1.4107 358.7142 14.60598221901925
1 33922U 93036EB  26124.75209818  .00001291  00000+0  33934-3 0  9992
2 33922  74.0473 239.4885 0023126 313.2122 208.9975 14.50003347906500
1 33924U 93036ED  26125.18484051  .00000762  00000+0  73900-3 0  9995
2 33924  73.9147  39.6023 0401509  48.9528 314.5552 13.50438165846753
1 33928U 93036EH  26124.76076956  .00000702  00000+0  19359-3 0  9995
2 33928  73.9231 143.2155 0059382  46.2717 314.3335 14.47730488907146
1 33932U 93036EM  26124.89364698  .00001167  00000+0  38243-3 0  9996
2 33932  74.0344  51.7977 0035405  97.3008 263.2173 14.39173725900571
1 33933U 93036EN  26125.03508123  .00000557  00000+0  20357-3 0  9996
2 33933  74.0872 158.8900 0070494 132.2147 228.5017 14.33810108898386
1 33934U 93036EP  26125.12755138  .00002340  00000+0  49000-3 0  9995
2 33934  74.0367 187.0949 0017093 271.7642  88.1566 14.60256394908313
1 33936U 93036ER  26125.03688480  .00002237  00000+0  45709-3 0  9999
2 33936  74.0150 123.3798 0029594 240.3952 119.4265 14.61239272909823
1 33938U 93036ET  26125.19998906  .00001442  00000+0  40043-3 0  9998
2 33938  74.0442 299.1987 0015899 348.3535 128.3737 14.47338372904755
1 33939U 93036EU  26125.01171392  .00079760  00000+0  37638-2 0  9995
2 33939  73.9981 144.9156 0010853 262.8697  97.1266 15.19009579909132
1 33940U 93036EV  26124.75732446  .00003744  00000+0  78226-3 0  9998
2 33940  74.0399 230.8436 0011513 276.1126 212.3530 14.60179667906801
1 33942U 93036EX  26125.10206345  .00000462  00000+0  16057-3 0  9992
2 33942  74.0381  10.7570 0019623  63.0540   9.0559 14.38189885901952
1 33944U 93036EZ  26125.20027659  .00000874  00000+0  27888-3 0  9995
2 33944  74.0413  44.9172 0112375 110.2879  40.1773 14.37634345900896
1 33945U 93036FA  26125.21670323  .00000318  00000+0  12118-3 0  9992
2 33945  74.0311  43.3432 0021742  99.1365 261.2248 14.34714482900732
1 33948U 93036FD  26125.21030875  .00000465  00000+0  16934-3 0  9990
2 33948  74.0369  41.8651 0022321  87.0002 273.3704 14.35790865900823
1 33971U 93036FE  26125.09149133  .00000580  00000+0  19238-3 0  9998
2 33971  74.0258 348.7376 0018063  58.9708  95.5869 14.39988770902025
1 33972U 93036FF  26124.72314661  .00004242  00000+0  12928-2 0  9995
2 33972  73.9938 286.9384 0124253  62.3987 317.9110 14.37889879891281
1 33973U 93036FG  26125.19487703  .00000309  00000+0  94159-4 0  9994
2 33973  74.0086 195.0089 0046600 337.7608  52.9611 14.45535835906736
1 33975U 93036FJ  26124.50251947  .00000562  00000+0  33696-3 0  9998
2 33975  73.8013 193.4502 0191647 301.3410  56.9088 14.00744241878281
1 33980U 93036FP  26125.05908403  .00001750  00000+0  37212-3 0  9999
2 33980  74.0181 146.0192 0030544 253.1694 137.7901 14.59558265908853
1 33982U 93036FR  26125.22101942  .00002427  00000+0  48238-3 0  9995
2 33982  74.0693  86.4041 0073326  94.8485 329.8440 14.60981633912540
1 33983U 93036FS  26124.75642795  .00001414  00000+0  36173-3 0  9999
2 33983  74.0500 238.2851 0021238 303.7940 208.8324 14.51248648907034
1 33984U 93036FT  26124.92096759  .00003879  00000+0  68239-3 0  9997
2 33984  74.0084  70.2941 0025286 226.9992 194.7945 14.67760630911669
1 33986U 93036FV  26125.18949830  .00002390  00000+0  70120-3 0  9994
2 33986  74.0377  36.0579 0040468  77.8983  71.1618 14.43908128900983
1 33990U 93036FZ  26125.23474737  .00001080  00000+0  10348-2 0  9994
2 33990  73.9289  55.5991 0404470  49.3303  20.9354 13.50225510846666
1 33992U 93036GB  26125.09351138  .00003249  00000+0  56696-3 0  9995
2 33992  74.0240  60.9235 0053126 144.9313 227.5595 14.67479774912274
1 33994U 93036GD  26124.90523125  .00000218  00000+0  75234-4 0  9996
2 33994  74.0422 285.4499 0022692  24.4958 100.0489 14.41316126904827
1 33995U 93036GE  26124.63897986  .00001989  00000+0  68606-3 0  9996
2 33995  74.0617 217.7513 0059977 197.3331 162.5776 14.35501847895695
1 33999U 93036GJ  26125.18448106  .00018223  00000+0  20021-2 0  9994
2 33999  73.9165 303.8339 0043573 162.8786 197.3876 14.86923334913800
1 34001U 93036GL  26125.13280624  .00000382  00000+0  13680-3 0  9994
2 34001  74.0403  17.8837 0019280  67.8565  82.4462 14.37263613902068
1 34003U 93036GN  26124.94147830  .00001636  00000+0  10898-2 0  9995
2 34003  74.0775  43.9468 0277355 123.3938 239.4056 13.84823032864072
1 34004U 93036GP  26124.23045546  .00003434  00000+0  88256-3 0  9991
2 34004  74.0364  45.6203 0029082  27.9958 332.2759 14.50325471900954
1 34005U 93036GQ  26124.99550147  .00000246  00000+0  85454-4 0  9999
2 34005  74.0445 308.9425 0019916  32.6625 125.8245 14.40422113904416
1 34006U 93036GR  26123.69024684  .00056825  00000+0  35672-2 0  9997
2 34006  74.0492 214.2676 0002479  95.7663  54.3146 15.08996919907991
1 34007U 93036GS  26125.20992649  .00003903  00000+0  70734-3 0  9990
2 34007  74.0187  70.4407 0046649 170.7085 189.4959 14.65937775911811
1 34008U 93036GT  26125.22350758  .00000289  00000+0  11422-3 0  9995
2 34008  74.0343  68.2777 0022709  29.4425  38.5756 14.33245471900200
1 34009U 93036GU  26124.92645918  .00000281  00000+0  11100-3 0  9992
2 34009  74.0366  75.2457 0026551 113.8572 302.7612 14.33339839899979
1 34011U 93036GW  26124.79235122  .00002262  00000+0  68347-3 0  9998
2 34011  74.0148  64.5096 0037172 119.1492 241.3393 14.42571894899783
1 34014U 93036GZ  26125.06590498  .00004866  00000+0  72056-3 0  9996
2 34014  74.0176   0.6896 0038243 107.4586  52.2261 14.74923928914156
1 34015U 93036HA  26124.76862551  .00002241  00000+0  45857-3 0  9999
2 34015  74.0243 245.9311 0020359 308.0743 202.2787 14.61303566906192
1 34018U 93036HD  26125.20949464  .00000690  00000+0  51644-3 0  9998
2 34018  73.8782 208.9081 0265117 218.4710 170.6134 13.81270476866388
1 34019U 93036HE  26125.03721242  .00000860  00000+0  30759-3 0  9995
2 34019  73.9510 147.0690 0062906 294.0311  87.0306 14.34515184895758
1 34021U 93036HG  26125.23817816  .00001240  00000+0  32356-3 0  9991
2 34021  74.0363 220.2696 0020754 326.2846  62.0339 14.50435589907105
1 34022U 93036HH  26124.11363889  .00000504  00000+0  17081-3 0  9994
2 34022  74.0557   8.4110 0021529  40.6451 109.5420 14.39172706902433
1 34023U 93036HJ  26125.07729785  .00000693  00000+0  22391-3 0  9991
2 34023  74.0257 346.4036 0017952  52.1659 100.9009 14.40874495902788
1 34024U 93036HK  26125.08381897  .00000401  00000+0  14809-3 0  9993
2 34024  74.0474  53.2301 0020130  72.9598 298.2964 14.35556587900818
1 34026U 93036HM  26124.99006163  .00001080  00000+0  89353-3 0  9994
2 34026  73.7653  99.0388 0348432 306.2263 107.8536 13.65590395854879
1 34028U 93036HP  26124.98471183  .00000395  00000+0  46754-3 0  9999
2 34028  73.8799 127.5878 0546951 241.3085 143.2740 13.20766642828997
1 34031U 93036HS  26125.06383169  .00003334  00000+0  67962-3 0  9999
2 34031  74.0132 221.5874 0023306 306.0586 108.6413 14.61230586906588
1 34035U 93036HW  26124.88258161  .00005712  00000+0  13538-2 0  9996
2 34035  74.0642  79.5210 0038855  49.6121 341.6613 14.53766089900457
1 34036U 93036HX  26124.52193332  .00056147  00000+0  34136-2 0  9991
2 34036  74.0124 217.6788 0008322 262.0433  97.9815 15.10145801907146
1 34037U 93036HY  26125.07881413  .00000888  00000+0  31511-3 0  9993
2 34037  74.0488 147.9908 0053185 164.9493 195.3258 14.35117985897737
1 34040U 93036JB  26125.16131150  .00000840  00000+0  66989-3 0  9998
2 34040  73.9568 188.7517 0337061 114.3416 249.3282 13.68940756855623
1 34045U 93036JG  26124.81290461  .00000184  00000+0  74843-4 0  9995
2 34045  74.0402  49.0288 0025408 100.8554 318.9446 14.34147081900847
1 34046U 93036JH  26124.36954069  .00002984  00000+0  78453-3 0  9997
2 34046  74.0365 103.8467 0076713 154.8985 355.7226 14.47800481898896
1 34050U 93036JM  26124.33149484  .00000374  00000+0  23479-3 0  9995
2 34050  74.0850 125.3515 0216658 156.2730 268.0931 13.96580865874225
1 34053U 93036JQ  26125.07867858  .00000523  00000+0  49411-3 0  9992
2 34053  73.8459  11.1229 0423721 135.9915 227.5762 13.49332203846178
1 34056U 93036JT  26125.12995647  .00002477  00000+0  10532-2 0  9990
2 34056  74.0576 179.7415 0126144 194.4587 194.7490 14.21562031884480
1 34058U 93036JV  26124.97961262  .00000324  00000+0  31371-3 0  9994
2 34058  73.9331 305.8977 0377236 273.9340 256.1113 13.56249908850844
1 34059U 93036JW  26124.85007597  .00002145  00000+0  51617-3 0  9992
2 34059  74.0380 276.0780 0017437 319.1932 191.2097 14.53846928905389
1 34061U 93036JY  26125.09482711  .00000715  00000+0  23164-3 0  9994
2 34061  74.0404 358.3358 0019616  44.2512 106.6809 14.40669475902446
1 34062U 93036JZ  26125.22226458  .00018754  00000+0  21826-2 0  9998
2 34062  74.0270 214.6439 0069705 257.8296 130.0453 14.83496777907202
1 34064U 93036KB  26125.10048105  .00001081  00000+0  33091-3 0  9991
2 34064  74.0337   4.7914 0021058  41.4079 110.6704 14.42851108902092
1 34065U 93036KC  26125.04082501  .00000331  00000+0  11746-3 0  9993
2 34065  74.0369 354.1329 0015682  60.6666   9.8312 14.38212248902658
1 34070U 93036KH  26125.16876904  .00014505  00000+0  18343-2 0  9997
2 34070  73.9989 193.3106 0020094 275.8022 113.6414 14.81718978907320
1 34114U 93036KK  26125.06251389  .00007615  00000+0  15949-2 0  9992
2 34114  74.0559 131.5785 0040834  95.6964 320.7575 14.59363922898900
1 34115U 93036KL  26124.98314779  .00007120  00000+0  89355-3 0  9990
2 34115  74.0055 318.9068 0030283 107.6071 252.8418 14.82006167915325
1 34116U 93036KM  26124.88845248  .00002550  00000+0  61133-3 0  9996
2 34116  74.0407 272.5199 0011113 316.1450 210.7513 14.53964957905669
1 34117U 93036KN  26124.60043106  .00001570  00000+0  49124-3 0  9997
2 34117  74.0381  79.7430 0055659 124.2889 236.3554 14.40624910901802
1 34118U 93036KP  26124.00587834  .00024129  00000+0  18513-2 0  9995
2 34118  73.9501 319.9155 0057679 116.1618  36.8539 15.00374072913056
1 34120U 93036KR  26124.98968230  .00000500  00000+0  31432-3 0  9991
2 34120  73.9921 328.0438 0182744 124.6926  26.4890 13.98833118879836
1 34121U 93036KS  26125.23551220  .00001179  00000+0  73983-3 0  9998
2 34121  73.9918 211.1415 0238360  25.4571   5.2472 13.92485206871221
1 34122U 93036KT  26125.19271815  .00005865  00000+0  10007-2 0  9996
2 34122  74.0355 202.1724 0080153  61.7314 322.2526 14.67061639907871
1 34127U 93036KY  26124.51128806  .00003413  00000+0  11763-2 0  9994
2 34127  74.1754 145.5701 0113412 303.8079 219.7082 14.32714073888153
1 34128U 93036KZ  26125.07912566  .00047185  00000+0  26705-2 0  9997
2 34128  73.9941   1.7818 0026241  99.2530  51.4158 15.12519913913252
1 34129U 93036LA  26124.17780601  .00007774  00000+0  10613-2 0  9992
2 34129  74.0341  60.1735 0032303 112.0797 248.3814 14.78400315634017
1 34136U 93036LH  26125.04038387  .00002049  00000+0  25219-3 0  9993
2 34136  74.0173 119.7606 0086205 206.0563 210.7716 14.81101785921310
1 34139U 93036LL  26124.61800946  .00005884  00000+0  11821-2 0  9999
2 34139  74.0307 341.1967 0040113  23.2290   7.4717 14.61341403902353
1 34141U 93036LN  26124.43076449  .00003638  00000+0  91034-3 0  9995
2 34141  74.0073 120.3596 0050482 175.8244 335.0108 14.51060591897626
1 34270U 93036LQ  26125.16103307  .00003878  00000+0  69861-3 0  9992
2 34270  74.0128  30.0278 0049435 148.3902 212.0253 14.66117283911973
1 34271U 93036LR  26124.47387984  .00009916  00000+0  14798-2 0  9998
2 34271  74.0187 281.0118 0015141 310.0993 106.0766 14.74827616903367
1 34273U 93036LT  26124.92856280  .00002665  00000+0  53020-3 0  9996
2 34273  74.0347 173.3348 0015854 258.4442 155.9349 14.62535611907148
1 34274U 93036LU  26125.08512698  .00003567  00000+0  64639-3 0  9997
2 34274  74.0011 151.9728 0024224 262.4163 128.5569 14.66500382907766
1 34276U 93036LW  26124.60148433  .00002018  00000+0  44243-3 0  9997
2 34276  74.0219 173.4788 0023757 280.8333 233.2589 14.58155750906745
1 34297U 93036MT  26125.15799752  .00000270  00000+0  10027-3 0  9998
2 34297  74.0503  20.8525 0016326  57.7251  93.3792 14.36751465901244
1 34301U 93036MX  26125.02509468  .00036638  00000+0  34907-2 0  9992
2 34301  74.0026 239.8561 0007777 287.0860 189.5823 14.93181194905332
1 34302U 93036MY  26124.54706747  .00001556  00000+0  48402-3 0  9995
2 34302  74.1780 222.0824 0077387  36.3095 342.4680 14.40064289897761
1 34303U 93036MZ  26125.13251647  .00005235  00000+0  10531-2 0  9995
2 34303  74.0062  15.8099 0135281 120.3439  39.5698 14.56133987900486
1 34304U 93036NA  26125.23820793  .00002579  00000+0  76875-3 0  9993
2 34304  74.0129 217.6221 0127562 320.8648  68.3579 14.38972301893606
1 34307U 93036ND  26123.33998008  .00000756  00000+0  69506-3 0  9998
2 34307  74.0526  85.8436 0393305 245.8540 270.5691 13.54563665847797
1 34314U 93036NL  26124.96863602  .00000716  00000+0  34444-3 0  9996
2 34314  74.0064  52.6982 0103853 126.9281 359.9263 14.17775405886874
1 34316U 93036NN  26124.76124104  .00020222  00000+0  16807-2 0  9999
2 34316  74.0644  48.7960 0011552 140.0196 220.1843 14.98628308913476
1 34317U 93036NP  26125.10567307  .00000230  00000+0  20935-3 0  9990
2 34317  73.9223 159.6909 0334671 122.3899 272.4467 13.65332678855760
1 34321U 93036NT  26125.04477030  .00001466  00000+0  37956-3 0  9994
2 34321  74.0284 246.9626 0015435 340.2246 136.6970 14.50691431905644
1 34323U 93036NV  26125.18032956  .00015776  00000+0  20940-2 0  9998
2 34323  73.9514 200.5649 0055148 213.4566 174.4554 14.78738257905570
1 34325U 93036NX  26124.94504500  .00001127  00000+0  60830-3 0  9990
2 34325  73.8708 300.3066 0188344 291.0902 223.7749 14.05282581875269
1 34327U 93036NZ  26125.07676082  .00011558  00000+0  10979-2 0  9999
2 34327  73.9932 243.7336 0031537  24.1184 151.7659 14.93179834916448
1 34340U 93036PN  26124.58446891  .00001037  00000+0  74267-3 0  9994
2 34340  74.0761  69.2673 0289696 144.9533  31.4246 13.80028057862384
1 34343U 93036PR  26125.09427316  .00005436  00000+0  86695-3 0  9990
2 34343  74.0174 170.9528 0019202  45.5686 336.9361 14.72048609908382
1 34344U 93036PS  26125.22676609  .00002233  00000+0  99308-3 0  9994
2 34344  73.9767 213.9555 0153519   6.0174  24.0860 14.17406666881290
1 34346U 93036PU  26124.80301453  .00001286  00000+0  73344-3 0  9990
2 34346  73.9941  63.8720 0209954 210.3111 180.8217 14.00199964874121
1 34383U 93036PY  26125.05222147  .00106993  00000+0  33316-2 0  9996
2 34383  74.0230 357.0707 0014463 145.3202 214.8948 15.32683700912916
1 34387U 93036QC  26123.96653069  .00000758  00000+0  22668-3 0  9990
2 34387  74.0399 307.4533 0037858  10.1384 112.8257 14.44188091902346
1 34388U 93036QD  26124.99397118  .00001930  00000+0  50270-3 0  9998
2 34388  74.0390 314.2272 0012067 331.6072 182.7830 14.50211398902318
1 34389U 93036QE  26124.66355501  .00000961  00000+0  30015-3 0  9991
2 34389  74.0193 344.7049 0028739  65.7071 350.5706 14.41916252900728
1 34396U 93036QM  26125.23316402  .00014447  00000+0  19797-2 0  9997
2 34396  74.0272 202.7792 0006388 231.8656 159.9469 14.78463440904641
1 34409U 93036RA  26125.23249479  .00000938  00000+0  20040-3 0  9995
2 34409  74.0648  34.2389 0078863  72.2754  88.0586 14.58345455912842
1 34410U 93036RB  26124.51800825  .00119086  00000+0  27888-2 0  9996
2 34410  73.7282 312.7326 0019865 128.8613 231.4371 15.41377541919564
1 34412U 93036RD  26125.20341352  .00005255  00000+0  11267-2 0  9996
2 34412  73.9484  54.4205 0185866 118.3861 243.6176 14.48632585897271
1 34413U 93036RE  26125.08939472  .00002960  00000+0  11048-2 0  9996
2 34413  74.0321   4.2953 0090104  49.6206 100.0062 14.30102905891796
1 34420U 93036RM  26124.94390513  .00000610  00000+0  10220-3 0  9997
2 34420  74.0328 186.8788 0106597 270.8575 142.8592 14.68617477918726
1 34425U 93036RS  26125.07991492  .00002345  00000+0  46044-3 0  9990
2 34425  74.0162 139.5522 0027823 229.4964 130.3779 14.63041165908362
1 34430U 93036RX  26125.16445159  .00001240  00000+0  39326-3 0  9998
2 34430  74.0528  38.6447 0059610  74.7533 286.0202 14.40034080900197
1 34431U 93036RY  26124.79833086  .00001364  00000+0  53365-3 0  9993
2 34431  74.0744 276.1345 0067257 225.5136 134.0504 14.29249551891863
1 34432U 93036RZ  26125.23104387  .00001068  00000+0  60537-3 0  9999
2 34432  73.8278 209.4162 0182180 266.2083 122.6321 14.03320904876974
1 34433U 93036SA  26124.82316971  .00001553  00000+0  74913-3 0  9990
2 34433  74.0103 261.3031 0151094   6.7684 353.5447 14.13669132879710
1 34434U 93036SB  26125.05126944  .00003327  00000+0  19234-2 0  9991
2 34434  74.0578 126.0704 0283393 229.1264 189.4981 13.91112772859584
1 34446U 93036SP  26125.04287376  .00000287  00000+0  81038-4 0  9995
2 34446  74.0395 148.5082 0052145 249.6695 109.8857 14.49507578907708
1 34449U 93036SS  26125.07700940  .00050345  00000+0  34152-2 0  9991
2 34449  74.0256 138.8515 0017540 169.5205 249.5219 15.06049778908439
1 34451U 93036SU  26124.49694306  .00036644  00000+0  23690-2 0  9998
2 34451  74.0405 157.0835 0016254 167.4162 192.7438 15.07929472907784
1 34452U 93036SV  26124.74514937  .00014205  00000+0  69488-3 0  9993
2 34452  74.0277 245.5049 0059072 284.7205  74.7448 15.16660268928270
1 34454U 93036SX  26124.37395123  .00000518  00000+0  17513-3 0  9992
2 34454  74.0605  14.9069 0034383  43.5649 316.8211 14.39026817901198
1 34459U 93036TC  26125.05881991  .00000676  00000+0  40029-3 0  9999
2 34459  74.0809   6.2918 0190620  42.0654 319.4935 14.00733926877180
1 34468U 93036TM  26125.22613627  .00000705  00000+0  19114-3 0  9991
2 34468  74.0132 208.3048 0075973 317.6829  41.8483 14.47948422905384
1 34472U 93036TR  26124.54550538  .00000873  00000+0  68781-3 0  9991
2 34472  74.0824 223.1867 0329197 320.7323  37.0324 13.70725883856830
1 34474U 93036TT  26124.88218619  .00002225  00000+0  11133-2 0  9992
2 34474  74.0756  76.0323 0199491 117.0759 277.9083 14.07436936875220
1 34476U 93036TV  26124.63560362  .00002289  00000+0  14421-2 0  9995
2 34476  74.0045 201.3351 0312509  29.4855 332.3494 13.83386544856130
1 34477U 93036TW  26125.19521000  .00002428  00000+0  51704-3 0  9995
2 34477  73.9760 155.9128 0076120 307.3830 167.5415 14.57765828907154
1 34478U 93036TX  26124.90651471  .00119864  00000+0  40979-2 0  9994
2 34478  74.0380  67.9275 0032747 227.4788 132.3648 15.29203461911457
1 34481U 93036UA  26125.08473196  .00001164  00000+0  42291-3 0  9997
2 34481  73.9767 150.7274 0071161 290.3707  99.8756 14.33010487895020
1 34482U 93036UB  26124.94090919  .00008956  00000+0  13817-2 0  9997
2 34482  74.0354 305.4047 0039080 333.8504 187.1679 14.72971157902931
1 34544U 93036UE  26123.86939391  .00000497  00000+0  47530-3 0  9994
2 34544  73.9170 333.9048 0381260 336.0975  43.9987 13.54921537848079
1 34546U 93036UG  26125.06958574  .00001512  00000+0  43008-3 0  9999
2 34546  74.0305 341.7804 0020835  25.8661 128.3658 14.46067042900978
1 34547U 93036UH  26124.56298560  .00007516  00000+0  11048-2 0  9994
2 34547  74.0294 181.9222 0018888 231.8563 128.0910 14.75495579906267
1 34553U 93036UP  26124.53079595  .00004148  00000+0  88099-3 0  9992
2 34553  74.0246 279.8436 0018004 326.3985  99.7239 14.59327529901784
1 34554U 93036UQ  26124.72968302  .00000663  00000+0  22608-3 0  9999
2 34554  74.0401  35.6384 0022228  67.8325 321.2534 14.38215370898116
1 34556U 93036US  26125.21678734  .00018262  00000+0  22633-2 0  9994
2 34556  74.0142 201.7298 0008556 244.2961 147.0352 14.82634239904528
1 34560U 93036UW  26124.71074681  .00009464  00000+0  13815-2 0  9990
2 34560  74.0164 222.7828 0014726 274.0232 238.0615 14.75794821903581
1 34563U 93036UZ  26124.45823131  .00001219  00000+0  34188-3 0  9993
2 34563  74.0369 297.1267 0012994 358.7930  31.3500 14.47036395902618
1 34564U 93036VA  26125.04648068  .00000561  00000+0  18269-3 0  9995
2 34564  74.0328 332.8147 0018384  45.1721 109.1906 14.40943883900706
1 34567U 93036VD  26124.81601405  .00000320  00000+0  14600-3 0  9994
2 34567  74.0415 259.2336 0074261 298.4401 178.4996 14.24163732891618
1 34569U 93036VF  26124.62469791  .00001708  00000+0  64797-3 0  9998
2 34569  73.9898 299.6597 0157378  95.7342  21.3096 14.25190328890037
1 34570U 93036VG  26121.88286948  .00000868  00000+0  51709-3 0  9991
2 34570  73.9585 334.4870 0191177 187.4075 190.7046 14.00096584875627
1 34571U 93036VH  26124.82972186  .00007438  00000+0  18163-2 0  9991
2 34571  74.0371 273.5851 0058909 274.8764  84.5672 14.51712982893680
1 34572U 93036VJ  26124.28528465  .00006134  00000+0  14682-2 0  9993
2 34572  74.0095 206.7550 0062914 247.1832 169.6017 14.52546245894461
1 34574U 93036VL  26125.05142273  .00005048  00000+0  76879-3 0  9990
2 34574  74.0654 124.9921 0062930 110.9325 305.8070 14.72843814908877
1 34576U 93036VN  26125.23519441  .00002971  00000+0  67469-3 0  9994
2 34576  74.0343 226.0985 0008394 322.6148  63.2273 14.56438161905556
1 34579U 93036VR  26125.00654271  .00000994  00000+0  28681-3 0  9999
2 34579  74.0523 317.0579 0026270 351.2521 168.9163 14.45784144902444
1 34582U 93036VU  26125.03727068  .00001468  00000+0  43164-3 0  9991
2 34582  74.0203   5.7399 0048330  84.0968 276.5694 14.43939606900155
1 34588U 93036WA  26124.76386426  .00001067  00000+0  32947-3 0  9997
2 34588  74.0445   3.1351 0017618  25.1933  42.7151 14.42457100900123
1 34589U 93036WB  26124.14310441  .00000455  00000+0  32405-3 0  9993
2 34589  73.9246 173.3141 0247710  89.2116 304.4267 13.86350956866855
1 34590U 93036WC  26125.21814000  .00000467  00000+0  11182-3 0  9996
2 34590  74.0449  51.0923 0068735 145.1908   5.7852 14.55006361912075
1 34609U 93036WE  26124.00422534  .00001087  00000+0  45154-3 0  9995
2 34609  73.7323 206.5709 0142043  43.2470 134.5340 14.22361831886544
1 34610U 93036WF  26124.77288010  .00001795  00000+0  92309-3 0  9990
2 34610  74.0180  11.2838 0180621 109.8417 252.2290 14.07855078875723
1 34611U 93036WG  26124.93138182  .00006908  00000+0  10932-2 0  9995
2 34611  74.0513 183.1991 0021645 194.5981 221.8552 14.72286585904965
1 34613U 93036WJ  26125.14505030  .00001495  00000+0  58026-3 0  9994
2 34613  73.9639  17.9368 0113677 176.8282 338.1907 14.27305288885089
1 34614U 93036WK  26124.90952088  .00010305  00000+0  40486-2 0  9997
2 34614  73.8783  85.4371 0180866  54.6244 336.6953 14.20813871867986
1 34615U 93036WL  26124.59236898  .00000554  00000+0  52966-3 0  9999
2 34615  74.0067  65.0141 0399234 302.4476 246.4343 13.52384093847461
1 34619U 93036WQ  26125.14137223  .00000815  00000+0  14845-3 0  9991
2 34619  74.0433 284.2654 0093292 342.0501  17.7378 14.65077974913980
1 34620U 93036WR  26124.54539154  .00006125  00000+0  14601-2 0  9994
2 34620  74.0511 311.1896 0071257 314.4205  45.1137 14.52399473888984
1 34622U 93036WT  26123.13661203  .00001770  00000+0  75895-3 0  9995
2 34622  74.0413  53.1877 0105596 104.0528 320.0103 14.22560325884701
1 34626U 93036WX  26125.23746759  .00006524  00000+0  99198-3 0  9996
2 34626  74.0484  44.4694 0026889 103.5046  49.3193 14.73950057912577
1 34634U 93036XF  26125.18119186  .00001182  00000+0  27072-3 0  9994
2 34634  74.0488 123.2904 0045888 194.7245 294.0313 14.56134189908695
1 34635U 93036XG  26125.03124666  .00004139  00000+0  68571-3 0  9992
2 34635  74.0418 153.3121 0029770 190.0230 189.0133 14.70306691753246
1 34637U 93036XJ  26125.15660793  .00002747  00000+0  55239-3 0  9993
2 34637  74.0484 187.3572 0050663 221.7748 168.5495 14.61306102906216
1 34641U 93036XN  26124.53901435  .00001569  00000+0  38662-3 0  9992
2 34641  73.8366 169.1334 0015026  55.6168  69.6141 14.53028478903297
1 34642U 93036XP  26124.14742076  .00001392  00000+0  80377-3 0  9998
2 34642  74.0019  93.0085 0210410 239.9689 133.5089 13.99496308872852
1 34671U 93036XR  26124.26499201  .00006176  00000+0  10451-2 0  9992
2 34671  74.0262 218.5359 0012001 266.9082 125.0480 14.69485212903895
1 34672U 93036XS  26125.16183051  .00000543  00000+0  19267-3 0  9993
2 34672  74.0350  42.0333 0023399  83.9712 345.7201 14.36623564672371
1 34678U 93036XY  26125.08329380  .00000014  00000+0  15457-4 0  9998
2 34678  74.0354 105.0889 0024435 122.7877 359.4414 14.30089037894282
1 34680U 93036YA  26125.22235573  .00004521  00000+0  90410-3 0  9995
2 34680  74.0433 215.5425 0007496 274.7905 113.8895 14.62134978904247
1 34681U 93036YB  26124.13524328  .00008501  00000+0  95737-3 0  9993
2 34681  74.0631   8.1172 0021408  37.1012 115.0194 14.86599129913843
1 34682U 93036YC  26124.46899464  .00001962  00000+0  41473-3 0  9998
2 34682  74.0374 170.9174 0019960 264.4137 159.0809 14.59906795907688
1 34683U 93036YD  26125.14589933  .00003085  00000+0  56352-3 0  9992
2 34683  74.0273 176.0982 0020037 254.2171 136.8716 14.66262370904491
1 34685U 93036YF  26125.02093931  .00003051  00000+0  65750-3 0  9994
2 34685  74.0301 236.0379 0014338 304.4444 170.8589 14.58817473906208
1 34689U 93036YK  26123.63507574  .00004842  00000+0  23472-2 0  9999
2 34689  74.0882 336.1073 0221697  12.5986  43.1172 14.06617169863356
1 34721U 93036YP  26124.84293388  .00002471  00000+0  14560-2 0  9999
2 34721  73.9231  77.8657 0216202 347.7301  38.9523 13.97462656871489
1 34722U 93036YQ  26124.12994042  .00002028  00000+0  98380-3 0  9997
2 34722  73.8739  82.0521 0163096 340.5349  34.7614 14.12326966882551
1 34726U 93036YU  26125.02259413  .00001655  00000+0  34567-3 0  9999
2 34726  74.0274  72.8444 0044134 187.7244 172.3247 14.60121434905934
1 34728U 93036YW  26124.99497778  .00003605  00000+0  56962-3 0  9994
2 34728  74.0167 333.0100 0041941  96.6481 263.9468 14.72129685909072
1 34729U 93036YX  26125.04669140  .00013408  00000+0  14833-2 0  9998
2 34729  74.0159  73.4914 0017182 169.6153 315.4310 14.87294001905851
1 34732U 93036ZA  26125.13199566  .00000275  00000+0  81722-4 0  9993
2 34732  74.0450 185.2003 0040459 298.5656  89.5560 14.47445784902184
1 34738U 93036ZG  26124.75388816  .00000704  00000+0  20025-3 0  9999
2 34738  74.0158 235.8852 0046657 346.7615 165.8627 14.46633869899264
1 34750U 93036ZU  26124.89123338  .00005402  00000+0  10464-2 0  9999
2 34750  74.1062 288.7815 0036721 199.0177 313.1886 14.63098781903237
1 34752U 93036ZW  26124.29976713  .00010125  00000+0  71442-3 0  9990
2 34752  74.0118  69.4424 0047750 163.7807 196.4924 15.04108559919909
1 34754U 93036ZY  26124.72538624  .00000487  00000+0  15986-3 0  9996
2 34754  74.0305 323.0622 0028919  45.9198  79.6527 14.40692417901922
1 34755U 93036ZZ  26125.08035071  .00001050  00000+0  99394-3 0  9997
2 34755  73.9249  59.5903 0404807  53.1238 325.7450 13.50856393844595
1 34756U 93036AAA 26124.29346853  .00000714  00000+0  57733-3 0  9990
2 34756  74.0027 229.8418 0342708  75.9224 287.9726 13.67650730853706
1 34758U 93036AAC 26125.15872137  .00000940  00000+0  80756-3 0  9999
2 34758  74.1051  68.5537 0386753 159.5775 202.1298 13.58458780848577
1 34760U 93036AAE 26125.18745581  .00001256  00000+0  57566-3 0  9991
2 34760  74.0641  46.2876 0095397  65.1495   5.9720 14.19929051887243
1 34761U 93036AAF 26124.93424736  .00001482  00000+0  48863-3 0  9991
2 34761  74.0262  98.7690 0035687 103.5955 256.9178 14.38632463897080
1 34784U 93036AAM 26124.78060086  .00001767  00000+0  35621-3 0  9997
2 34784  74.0071  50.3961 0051276 184.3857 175.6868 14.61472781906241
1 34790U 93036AAT 26124.68277604  .00001207  00000+0  49856-3 0  9993
2 34790  74.0543 346.2247 0098973  14.3756  43.0499 14.25153050886094
1 34792U 93036AAV 26124.81951071  .00003447  00000+0  76790-3 0  9992
2 34792  74.0180 257.8364 0012046 320.6404 166.4214 14.57246871897333
1 34793U 93036AAW 26125.04634787  .00000628  00000+0  20942-3 0  9997
2 34793  74.0032 345.5554 0050807 107.2327  42.6784 14.38875341893912
1 34796U 93036AAZ 26124.97113272  .00001588  00000+0  39681-3 0  9998
2 34796  74.0299 307.6118 0098460  15.0930 137.7131 14.49491890901027
1 34797U 93036ABA 26123.44511087  .00003867  00000+0  10938-2 0  9991
2 34797  73.9767 195.5871 0072277 275.3951  83.8963 14.44429542894607
1 34813U 93036ABC 26124.81309118  .00003423  00000+0  29305-2 0  9998
2 34813  73.9289 262.9796 0435287 270.0117  85.1126 13.51281494835879
1 34814U 93036ABD 26125.14266515  .00001704  00000+0  56782-3 0  9999
2 34814  73.8960  59.3583 0054959 275.2355 146.4093 14.37537919893937
1 34815U 93036ABE 26124.93511704  .00004533  00000+0  58271-3 0  9997
2 34815  74.0444 320.1250 0054498 353.6231   6.4244 14.80417681907457
1 34816U 93036ABF 26121.71033490  .00000549  00000+0  49929-3 0  9995
2 34816  73.8866 274.6869 0372027 314.0741  61.6394 13.58628107846845
1 34818U 93036ABH 26124.18867053  .00000543  00000+0  19087-3 0  9997
2 34818  74.0376  34.9740 0023578  80.1615  70.1068 14.37166279894162
1 34819U 93036ABJ 26124.74772394  .00005648  00000+0  10305-2 0  9997
2 34819  74.0173 227.2063 0016001 286.6203 201.7502 14.66138898903234
1 34823U 93036ABN 26124.23937589  .00001595  00000+0  31806-3 0  9992
2 34823  74.0406 192.3573 0154404 240.8689 117.6946 14.55593755904543
1 34845U 93036ABP 26124.05233032  .00000716  00000+0  20723-3 0  9998
2 34845  74.0250 242.6422 0021627   7.8200 352.3291 14.46152482895230
1 34846U 93036ABQ 26124.79875106  .00002065  00000+0  56019-3 0  9990
2 34846  74.0314 354.0397 0024732  31.2576 329.0047 14.48081801894741
1 34852U 93036ABW 26125.00748931  .00000238  00000+0  88766-4 0  9992
2 34852  74.0343 359.4613 0015556  71.6797 288.6047 14.37114542895925
1 34854U 93036ABY 26125.04127205  .00002925  00000+0  39604-3 0  9994
2 34854  74.0292 237.3235 0064457 311.8840  47.6845 14.78036719739982
1 34856U 93036ACA 26124.51097920  .00024591  00000+0  13188-2 0  9998
2 34856  74.0003 149.2715 0032085 251.6337 235.0293 15.14431577912673
1 34857U 93036ACB 26124.44978424  .00002379  00000+0  48642-3 0  9992
2 34857  74.0149 194.3248 0065910 282.8160  91.4022 14.60088353899836
1 34859U 93036ACD 26124.18282110  .01037391  00000+0  78524-2 0  9999
2 34859  74.0104  34.9931 0021545 191.3177 168.7565 15.69512736905414
1 34861U 93036ACF 26125.01800168  .00095568  00000+0  42650-2 0  9994
2 34861  74.0044 114.0581 0007351 225.5528 190.2150 15.20884680902571
1 34874U 93036ACM 26124.38527782  .00001495  00000+0  50432-3 0  9999
2 34874  74.0374 171.6047 0051074 165.1426 210.5651 14.37096619890936
1 34875U 93036ACN 26124.32505021  .00001197  00000+0  31949-3 0  9997
2 34875  74.0441 250.9456 0015696 337.8217  50.5219 14.49430738898211
1 34878U 93036ACR 26124.48911059  .00000673  00000+0  67333-3 0  9993
2 34878  73.9637 180.8008 0434143 137.2577 290.1490 13.44402997831913
1 34879U 93036ACS 26124.24150782  .00002646  00000+0  24410-2 0  9996
2 34879  73.9066  68.8393 0490431 124.5053 240.3381 13.39454233602480
1 34882U 93036ACV 26124.20278040  .00000650  00000+0  13014-3 0  9996
2 34882  74.0455 313.1337 0081830  43.7700 316.9913 14.61877472906064
1 34883U 93036ACW 26124.09106320  .00010116  00000+0  21963-2 0  9994
2 34883  74.1980 156.4482 0092745 295.1819  63.9748 14.55500934885081
1 34884U 93036ACX 26125.03865567  .00025550  00000+0  21154-2 0  9995
2 34884  74.0112 127.5779 0008139 221.2628 197.5211 14.98757845899466
1 34885U 93036ACY 26124.79490463  .00002260  00000+0  56126-3 0  9998
2 34885  74.0309 273.4509 0014334 326.4898 149.5533 14.52364213895551
1 34908U 93036ADD 26123.42806826  .00001330  00000+0  44507-3 0  9994
2 34908  74.0552 123.1710 0038950 108.4960  44.7182 14.37927855893150
1 34909U 93036ADE 26124.34681825  .00002051  00000+0  26730-3 0  9996
2 34909  74.0116 155.9602 0084472 254.8969 104.2850 14.78842322689590
1 34910U 93036ADF 26124.60499659  .00000444  00000+0  47137-3 0  9997
2 34910  73.8740 235.9267 0467100 330.3144  42.2219 13.37903353834358
1 34911U 93036ADG 26124.01035376  .00000525  00000+0  11150-3 0  9991
2 34911  74.0412 333.5460 0082741  63.3609  86.1506 14.59583555906620
1 34913U 93036ADJ 26125.05943464  .00000088  00000+0  40350-4 0  9993
2 34913  74.0301  19.8416 0020018  98.7493 326.3854 14.34680362672437
1 34918U 93036ADP 26116.59137369  .00009710  00000+0  18708-2 0  9997
2 34918  74.0687  55.8516 0026355 343.3396 195.9944 14.63411009673074
1 34924U 93036ADV 26124.94627963  .00002438  00000+0  49001-3 0  9997
2 34924  74.0388 175.9329 0055393 224.7198 202.8108 14.61230910898146
1 34944U 93036ADX 26123.30270213  .00001422  00000+0  59741-3 0  9994
2 34944  73.7483 336.5454 0220447 161.3329 199.6063 14.14557287660844
1 34946U 93036ADZ 26124.17347481  .00001981  00000+0  38665-3 0  9996
2 34946  74.0224  69.0175 0051071 171.9494 188.2505 14.62841494902917
1 34949U 93036AEC 26124.45762157  .00001569  00000+0  22770-3 0  9993
2 34949  74.0173 190.6450 0079631 298.9700  60.3506 14.74831600904657
1 34953U 93036AEG 26124.73848147  .00004711  00000+0  76228-3 0  9992
2 34953  74.0898 111.2239 0053483  66.1320 110.0247 14.70618538902292
1 34955U 93036AEJ 26125.20926256  .00009460  00000+0  65734-3 0  9991
2 34955  74.0371 313.9288 0071811 345.7203  14.1953 15.03518431921888
1 34962U 93036AER 26124.85490159  .00001256  00000+0  35192-3 0  9997
2 34962  74.0287 285.9047 0018144   5.9279 354.2091 14.47026508896485
1 34963U 93036AES 26121.41571510  .00004660  00000+0  11351-2 0  9990
2 34963  74.1680 141.8276 0043108 292.3918  67.2680 14.52439432888282
1 34964U 93036AET 26124.26900866  .00002327  00000+0  12859-2 0  9999
2 34964  73.9676  99.6305 0211605 286.6578  71.1421 14.01272543864749
1 34965U 93036AEU 26123.54523401  .00000811  00000+0  21994-3 0  9993
2 34965  74.0521 222.9076 0026414 312.3345  47.5577 14.49052146891676
1 34967U 93036AEW 26124.32843562  .00001635  00000+0  47255-3 0  9998
2 34967  73.9932 347.7098 0039517 102.6627 257.8953 14.44917151670167
1 34968U 93036AEX 26123.99643607  .00000643  00000+0  13460-3 0  9998
2 34968  74.0390 335.8389 0085645  60.6542 300.3143 14.59643291905535
1 34969U 93036AEY 26124.36804722  .00000505  00000+0  18992-3 0  9990
2 34969  74.0114 122.4606 0075700 221.5628 137.9753 14.32503317671790
1 34971U 93036AFA 26124.45585052  .00000474  00000+0  11143-3 0  9991
2 34971  73.9800  13.5534 0070669 205.0837 336.3246 14.55875653682492
1 34972U 93036AFB 26124.06806868  .00007857  00000+0  11368-2 0  9990
2 34972  73.9836 131.1015 0036609 250.6788 165.8824 14.75830819897481
1 34976U 93036AFF 26125.14994347  .00008093  00000+0  10767-2 0  9999
2 34976  74.0577  24.9968 0043015  37.2247 114.2448 14.79194940903922
1 34979U 93036AFJ 26124.03488507  .00006921  00000+0  86041-3 0  9992
2 34979  74.0393 346.6881 0045392  31.6184 328.7705 14.81993484903265
1 34990U 93036AFN 26120.35884238  .00000957  00000+0  29482-3 0  9996
2 34990  74.0463 354.2797 0015023  26.8635 333.3296 14.42754260893452
1 34997U 93036AFV 26123.48725622  .00005077  00000+0  13288-2 0  9995
2 34997  73.8812  43.9789 0090353 350.0509   9.8856 14.47162450727966
1 34998U 93036AFW 26124.81203208  .00001685  00000+0  44182-3 0  9994
2 34998  74.0097 251.0553 0020747   1.8893 151.1662 14.49918638894930
1 35012U 93036AFZ 26124.62940733  .00000332  00000+0  98127-4 0  9999
2 35012  74.0208 205.0099 0081371 309.6225  49.7768 14.45703524896263
1 35014U 93036AGB 26123.27512985  .00010236  00000+0  14048-2 0  9997
2 35014  73.9948 125.4393 0011628 248.5111 111.4825 14.78436798734263
1 35015U 93036AGC 26123.01250166  .00002858  00000+0  75370-3 0  9997
2 35015  73.9476 329.1191 0075291 165.0067 347.6312 14.47757090674846
1 35016U 93036AGD 26125.17629409  .00000800  00000+0  26834-3 0  9993
2 35016  73.9317  29.6635 0113591 274.6831 242.6837 14.35393774888405
1 35018U 93036AGF 26124.70607458  .00001343  00000+0  10645-2 0  9998
2 35018  73.9769 234.4278 0346414 114.6172 249.1447 13.67572717851409
1 35020U 93036AGH 26124.12400256  .00000538  00000+0  10514-3 0  9995
2 35020  74.0453 286.1155 0089749   3.4737 356.7033 14.63047014903205
1 35022U 93036AGK 26123.05371353  .00001658  00000+0  33541-3 0  9992
2 35022  74.0256  51.5827 0048326 214.3433 145.4608 14.61447244612070
1 35023U 93036AGL 26124.88736242  .00018376  00000+0  14173-2 0  9991
2 35023  74.0356 282.4132 0028277 327.5583 182.8982 15.01247892904236
1 35025U 93036AGN 26124.77422007  .00002186  00000+0  32341-3 0  9992
2 35025  73.9350 142.4914 0082086  21.7693 338.6934 14.73581140907490
1 35026U 93036AGP 26125.14791729  .00000198  00000+0  52074-4 0  9992
2 35026  74.0480  48.0571 0082587 125.9415 301.1585 14.53715987902276
1 35028U 93036AGR 26124.09481494  .00000344  00000+0  80012-4 0  9998
2 35028  74.0395   0.8050 0082210  99.3429  50.3572 14.56700570903582
1 35031U 93036AGU 26124.35927409  .00000350  00000+0  12314-3 0  9998
2 35031  74.0395 356.4706 0018093  58.3923 301.8994 14.38454662673344
1 35032U 93036AGV 26124.26712100  .00003240  00000+0  66166-3 0  9994
2 35032  73.8497  92.4885 0068100 271.7619 153.1487 14.59893238897530
1 35033U 93036AGW 26124.13818945  .00002048  00000+0  51610-3 0  9998
2 35033  74.0254 268.4286 0013904 342.0241  18.0427 14.51734316679938
1 35038U 93036AHB 26123.05747825  .00002584  00000+0  10205-2 0  9990
2 35038  74.1044 148.4662 0109077  97.9088 292.1445 14.26295560875835
1 35043U 93036AHG 26124.97554318  .00026487  00000+0  29149-2 0  9996
2 35043  73.9461 121.4493 0086782 290.5041  68.6839 14.84730653695396
1 35045U 93036AHJ 26123.37429608  .00000767  00000+0  46247-3 0  9996
2 35045  73.7176 162.5011 0180288  22.8776 338.0259 14.00692915866260
1 35060U 93036AHP 26124.27243310  .00000724  00000+0  22869-3 0  9994
2 35060  74.0378 340.2320 0017572  34.7913 325.4388 14.41926761892966
1 35061U 93036AHQ 26124.70132558  .00003277  00000+0  55712-3 0  9993
2 35061  74.0468  29.3580 0039752 107.0590 253.4941 14.69021374906731
1 35062U 93036AHR 26125.17763814  .00003042  00000+0  12207-2 0  9992
2 35062  74.0778 195.7255 0125530 160.3216 200.2840 14.24400100875406
1 35065U 93036AHU 26123.16822845  .00001310  00000+0  37281-3 0  9998
2 35065  74.0183 290.2104 0019274  23.1119 337.0902 14.46199963703952
1 35071U 93036AJA 26120.62473359  .00013267  00000+0  84944-3 0  9997
2 35071  73.9312 247.0469 0063955 109.6812 251.1294 15.06878427696261
1 35073U 93036AJC 26119.50514154  .00050859  00000+0  26797-2 0  9992
2 35073  73.9882  46.4804 0016558 161.7163 198.4630 15.15227821695558
1 35284U 93036AJN 26124.42519323  .00000342  00000+0  12032-3 0  9996
2 35284  74.0501   1.6728 0015779  46.0841 136.5841 14.38474758675778
1 35287U 93036AJR 26123.47140824  .00000295  00000+0  10938-3 0  9999
2 35287  74.0320  15.6716 0017040  82.5290  98.9488 14.36495106889276
1 35288U 93036AJS 26124.33199325  .00005768  00000+0  10160-2 0  9992
2 35288  73.9478  98.8151 0038237 292.9821  66.7316 14.67303695899687
1 35290U 93036AJU 26124.44674294  .00011642  00000+0  13594-2 0  9992
2 35290  74.0008 136.4756 0008124 237.6987 122.3405 14.85194365900731
1 35433U 93036AKB 26123.23215689  .00000665  00000+0  24185-3 0  9998
2 35433  74.0342  79.1481 0025341 104.5505 321.0699 14.34979300886108
1 35434U 93036AKC 26121.24420579  .00001231  00000+0  50510-3 0  9995
2 35434  74.0402 321.7227 0085762 359.7984   0.3114 14.26172979881065
1 35435U 93036AKD 26124.41377800  .00010371  00000+0  12740-2 0  9993
2 35435  74.0085 182.1839 0011406 250.5614 123.6270 14.83092493896516
1 35439U 93036AKH 26124.64172071  .00001333  00000+0  81260-3 0  9997
2 35439  74.0170 249.7113 0241305  27.1927 346.4065 13.93542711859517
1 35440U 93036AKJ 26124.72184801  .00002234  00000+0  36763-3 0  9991
2 35440  74.0122 290.3450 0068066  36.1960 324.3788 14.69674240708652
1 35441U 93036AKK 26122.73254351  .00006147  00000+0  11421-2 0  9999
2 35441  74.1354  29.0123 0035669 236.4811 123.2949 14.64963537894935
1 35442U 93036AKL 26124.11007641  .00015386  00000+0  15514-2 0  9994
2 35442  74.0236 175.0310 0003553 236.0876 123.9968 14.91121076894705
1 35443U 93036AKM 26107.60791505  .00033270  00000+0  17720-2 0  9992
2 35443  73.9742  72.9924 0062600 188.9461 171.0624 15.13351893887718
1 35445U 93036AKP 26124.69428109  .00007301  00000+0  12783-2 0  9999
2 35445  74.0379  26.8292 0138657  79.6675 282.0089 14.61820331894168
1 35446U 93036AKQ 26123.20793158  .00000362  00000+0  88168-4 0  9997
2 35446  74.0479  50.6618 0074929 133.8842 226.8544 14.54777581900651
1 35448U 93036AKS 26123.55857406  .00002903  00000+0  67390-3 0  9990
2 35448  73.9022 178.9038 0011964 316.0233  43.9977 14.55431249893977
1 35451U 93036AKV 26124.78893282  .00190830  00000+0  18278-2 0  9999
2 35451  73.9178 147.6632 0022345 329.0572  30.9330 15.65663621696198
1 35453U 93036AKX 26118.37029156  .00001676  00000+0  54161-3 0  9991
2 35453  74.0021 128.1497 0068613 229.1950 130.3241 14.38572178881838
1 35455U 93036AKZ 26123.98278843  .00003691  00000+0  88947-3 0  9993
2 35455  74.0291  27.4752 0099859  98.2022 263.0479 14.50579005886051
1 35456U 93036ALA 26121.94703539  .00007722  00000+0  11817-2 0  9993
2 35456  73.9492 203.6920 0061920  18.6656 341.6765 14.72573536679378
1 35459U 93036ALD 26124.72227352  .00000700  00000+0  24145-3 0  9997
2 35459  73.8702 281.4695 0016917 199.7318 160.3182 14.37715324604167
1 35462U 93036ALG 26125.05812907  .00002787  00000+0  10401-2 0  9990
2 35462  74.0370   8.1275 0082964   9.7558 350.5177 14.30474705684291
1 35465U 93036ALK 26123.45714952  .00001329  00000+0  38109-3 0  9993
2 35465  73.9969 292.6128 0063558  60.1258 300.6194 14.44758059892882
1 35469U 93036ALP 26124.69224418  .00000268  00000+0  74272-4 0  9990
2 35469  74.0146 115.1369 0078055 235.0953 124.2855 14.49948138901838
1 35475U 93036ALV 26122.61657071  .00010098  00000+0  15678-2 0  9997
2 35475  74.0211 251.5693 0018758 293.2392  66.6805 14.73073590676897
1 35476U 93036ALW 26125.18360314  .00015437  00000+0  20527-2 0  9995
2 35476  73.9735 138.3098 0011885  99.2135  21.6964 14.79692134900064
1 35580U 93036ALX 26122.18583355  .00001202  00000+0  81299-3 0  9999
2 35580  73.9030 299.7483 0276889 278.4011  78.5817 13.84555128642000
1 35583U 93036AMA 26124.33541219  .00000429  00000+0  40518-3 0  9993
2 35583  73.9184 340.8648 0383043 338.9699  19.6009 13.55696742843445
1 35585U 93036AMC 26123.95417200  .00002346  00000+0  17392-2 0  9997
2 35585  73.9681 110.8892 0306293 353.5298  33.9881 13.75760842660196
1 35586U 93036AMD 26124.14673207  .00000424  00000+0  40561-3 0  9991
2 35586  74.0210  74.3149 0404663 279.4000  95.9611 13.52240606623074
1 35587U 93036AME 26123.40979804  .00001121  00000+0  17032-3 0  9994
2 35587  74.0014 142.3970 0102103 293.9160  65.1342 14.71952413684308
1 35593U 93036AML 26124.00212288  .00002342  00000+0  93403-3 0  9996
2 35593  74.0874  32.2391 0101030   3.8463 356.3437 14.26311476870939
1 35594U 93036AMM 26123.59081417  .00009568  00000+0  93572-3 0  9992
2 35594  73.8048 178.6387 0030501 262.2022  97.5696 14.92098156902988
1 35602U 93036AMV 26124.07837772  .00021678  00000+0  45771-3 0  9993
2 35602  73.9935 234.3915 0077128 262.1991 273.8649 15.41900017922804
1 35606U 93036AMZ 26123.32735356  .00000564  00000+0  57319-3 0  9991
2 35606  73.8072 145.1052 0455296 327.8789  29.5290 13.41390130629382
1 35611U 93036ANE 26123.82122111  .00010749  00000+0  15177-2 0  9992
2 35611  74.0207 261.2756 0018914 305.8317  54.1100 14.77142547893853
1 35614U 93036ANH 26123.08519023  .00003724  00000+0  62154-3 0  9998
2 35614  73.9592  53.0588 0076061 232.1400 127.2873 14.68410554898033
1 35645U 93036ANL 26123.14114947  .00003849  00000+0  10294-2 0  9990
2 35645  73.9631 182.5040 0069845 305.5561  53.9099 14.47208846888161
1 35646U 93036ANM 26124.52037218  .00000937  00000+0  93347-3 0  9995
2 35646  73.8700 189.4108 0459075 274.9399 145.3663 13.41070641837727
1 35647U 93036ANN 26123.99268759  .00001941  00000+0  56410-3 0  9998
2 35647  74.0237  29.7691 0046313  98.0845 262.5570 14.44349964697170
1 35650U 93036ANR 26124.91462351  .00015195  00000+0  16375-2 0  9990
2 35650  74.0431  94.2442 0013256 132.6354 260.4991 14.88377859897618
1 35660U 93036APB 26121.57735715  .00001245  00000+0  32523-3 0  9992
2 35660  74.0400 230.6230 0017991 341.8872  37.6330 14.50408767678985
1 35661U 93036APC 26124.50655184  .00004479  00000+0  45169-3 0  9992
2 35661  74.0103 154.6414 0086714 222.5418 136.9024 14.88636295899916
1 35663U 93036APE 26119.60531522  .00006508  00000+0  11449-2 0  9996
2 35663  74.0175 218.4274 0007164 262.9304  97.1051 14.67787760754036
1 35667U 93036APJ 26119.06715106  .00004153  00000+0  84272-3 0  9991
2 35667  74.0565 238.0395 0018986 264.2320  95.6681 14.61399632728081
1 35668U 93036APK 26123.23100088  .00001075  00000+0  19950-3 0  9994
2 35668  74.0434 308.8207 0081760  17.8460 342.5548 14.64442925897183
1 35669U 93036APL 26124.12557380  .00000356  00000+0  32295-3 0  9993
2 35669  73.8850 287.0003 0388297  14.3392 346.8369 13.57495391627215
1 35670U 93036APM 26121.79788120  .00014811  00000+0  12167-2 0  9999
2 35670  73.8902 138.8975 0029190  67.9854 292.4428 14.98853863898228
1 35671U 93036APN 26123.90607483  .00000446  00000+0  12496-3 0  9992
2 35671  74.0166 172.7036 0041335 310.1188 231.8745 14.48566582888218
1 35674U 93036APR 26124.19467841  .00006065  00000+0  13051-2 0  9999
2 35674  74.0597  47.0621 0091234  57.9687 303.0299 14.56105033881832
1 35701U 93036APW 26121.19804728  .00001328  00000+0  92655-3 0  9991
2 35701  73.9999  67.6974 0288893 246.5976 110.4527 13.81391986640841
1 35703U 93036APY 26116.77529289  .00006631  00000+0  62147-3 0  9992
2 35703  74.0386 131.9495 0062977 168.6858 191.5760 14.92704999686297
1 35705U 93036AQA 26124.00071409  .00019531  00000+0  26600-2 0  9991
2 35705  74.2734 221.6592 0025475 118.5244 241.8503 14.78450684880246
1 35706U 93036AQB 26121.90977885  .00001459  00000+0  11942-2 0  9994
2 35706  73.8879 191.1288 0343452 215.6736 142.0991 13.66366970639760
1 35711U 93036AQG 26122.77937401  .00000950  00000+0  17735-3 0  9998
2 35711  74.0448 309.7239 0083792  14.6608 345.6960 14.64237222898352
1 35716U 93036AQM 26124.19745971  .00000521  00000+0  10842-3 0  9996
2 35716  73.9923 281.5464 0088017  88.7403  89.2515 14.60277652897061
1 35717U 93036AQN 26118.85998245  .00003552  00000+0  11043-2 0  9997
2 35717  74.1608 326.4002 0078796 146.2427 214.3782 14.39565964760722
1 35718U 93036AQP 26124.51631699  .00007178  00000+0  11617-2 0  9990
2 35718  74.0304 213.0059 0010840 234.2109 125.8055 14.71420353679387
1 35721U 93036AQS 26122.14261029  .00003617  00000+0  11186-2 0  9992
2 35721  73.9484 278.8907 0145487  34.9981 326.0627 14.35686398598033
1 35724U 93036AQV 26124.16476722  .00000791  00000+0  17245-3 0  9990
2 35724  74.0337  31.5312 0060047 150.2809 210.1791 14.58545475896051
1 35759U 93036ARD 26124.21576394  .00001084  00000+0  19813-3 0  9999
2 35759  74.0371 301.9260 0075694  24.1746 336.2943 14.65402691682227
1 35764U 93036ARJ 26121.52148742  .00009603  00000+0  12923-2 0  9997
2 35764  74.0227  68.6010 0025357 158.6244 201.5997 14.79101497681137
1 35771U 93036ARR 26124.25072390  .00010269  00000+0  41971-2 0  9998
2 35771  74.1596  59.1935 0206470 317.5389  40.9935 14.16458225848765
1 35773U 93036ART 26124.83468955  .00002201  00000+0  42906-3 0  9997
2 35773  74.0076  66.1628 0047298 190.3372 169.6828 14.62940817889316
1 35777U 93036ARX 26123.35905387  .00000666  00000+0  68065-3 0  9999
2 35777  73.7689  96.4645 0450457 329.9859 185.5505 13.41445560815832
1 35784U 93036ASE 26120.46053226  .00000734  00000+0  19319-3 0  9996
2 35784  74.0373 189.1466 0042409 283.5744  76.0695 14.50356852677170
1 35786U 93036ASG 26124.26411183  .00003748  00000+0  65429-3 0  9991
2 35786  74.0113 128.3050 0036799 222.4919 137.3402 14.67883811754989
1 35789U 93036ASK 26124.69073336  .00000274  00000+0  10185-3 0  9995
2 35789  74.0410  21.9563 0046904  88.1240 272.5284 14.36093012632798
1 35793U 93036ASP 26124.78037458  .00009696  00000+0  12019-2 0  9999
2 35793  74.0371 138.1084 0006501 212.5779 323.9160 14.82760975679141
1 35824U 93036ASW 26123.85194766  .00001741  00000+0  11252-2 0  9998
2 35824  73.8432 164.3725 0254399 225.0943 132.9288 13.88998626862005
1 35825U 93036ASX 26122.66609165  .00000789  00000+0  58091-3 0  9995
2 35825  74.1134 270.8325 0351358 333.4910  24.8599 13.71537062844402
1 35829U 93036ATB 26121.89020766  .00009833  00000+0  12943-2 0  9991
2 35829  74.0228 183.2458 0007932 228.5829 131.4667 14.80237120898461
1 35830U 93036ATC 26117.98246501  .00004211  00000+0  16730-2 0  9998
2 35830  73.8641  18.2169 0117193 318.9930  40.2446 14.25355864632040
1 35834U 93036ATG 26125.08524301  .00000152  00000+0  89701-4 0  9999
2 35834  73.9336  49.4275 0110402 180.0616 196.7788 14.13099591682887
1 35835U 93036ATH 26119.51389431  .00001280  00000+0  84733-3 0  9996
2 35835  74.0631  36.6690 0294645 146.9471 215.0461 13.83354318636046
1 35836U 93036ATJ 26123.77644454  .00011448  00000+0  17134-2 0  9996
2 35836  74.0315 256.1772 0021189 281.8330  78.0467 14.74599670656116
1 35837U 93036ATK 26123.33733490  .00003933  00000+0  27529-2 0  9997
2 35837  73.7284 331.7879 0411174 230.8376 312.3595 13.64823091599079
1 35840U 93036ATN 26124.08194501  .00006322  00000+0  18863-2 0  9994
2 35840  73.9314 253.9646 0113560 124.9492 236.2392 14.39502721873381
1 35883U 93036ATW 26122.86130109  .00000702  00000+0  17727-3 0  9994
2 35883  74.0224 164.4618 0084569 258.3496 279.8543 14.50912798644320
1 35884U 93036ATX 26124.11479996  .00002632  00000+0  10255-2 0  9997
2 35884  73.9884  77.9557 0113804 191.9685 167.8756 14.26713494243870
1 35885U 93036ATY 26123.44257376  .00000723  00000+0  24802-3 0  9992
2 35885  74.0298  33.8310 0022891  84.9432 275.4334 14.37780412670526
1 35888U 93036AUB 26124.22721270  .00001311  00000+0  28160-3 0  9996
2 35888  74.0313  85.3038 0050115 182.2037 177.8915 14.58885553883519
1 35890U 93036AUD 26124.28082678  .00005835  00000+0  12022-2 0  9991
2 35890  73.9355 329.5923 0054810  66.3736 294.3170 14.59758735672297
1 35891U 93036AUE 26124.77991907  .00070742  00000+0  12129-2 0  9997
2 35891  73.9804 143.1899 0035814 239.7098 120.0570 15.50143353694243
1 35895U 93036AUJ 26100.82403680  .00001464  00000+0  80810-3 0  9995
2 35895  74.0489 140.9499 0204787 212.2492 146.5989 14.02261385606815
1 35898U 93036AUM 26121.99018656  .00007519  00000+0  61604-3 0  9991
2 35898  73.9924  13.3716 0077797 122.8843 252.6710 14.97051444689077
1 35901U 93036AUQ 26124.16720277  .00161456  00000+0  46621-2 0  9999
2 35901  74.0004  84.0153 0013644 214.3950 145.6373 15.34858158882902
1 35902U 93036AUR 26117.31998269  .00002606  00000+0  10097-2 0  9996
2 35902  73.9862 348.3403 0102351  74.0819 287.1579 14.27648262630642
1 35905U 93036AUU 26124.13722017  .00004180  00000+0  30258-3 0  9994
2 35905  74.0303 281.1385 0085834 323.1936  36.3376 15.01396518907186
1 35959U 93036AUZ 26124.04745601  .00000249  00000+0  97821-4 0  9999
2 35959  74.0336  51.5272 0021299 101.7306 258.6237 14.34235548869688
1 35961U 93036AVB 26122.80083358  .00002228  00000+0  11681-2 0  9995
2 35961  73.9265 315.8985 0187555 219.3376 139.4014 14.06206064646646
1 35975U 93036AVR 26120.25258756  .00002950  00000+0  11275-2 0  9994
2 35975  74.0494  79.0971 0110661 127.0670 234.0660 14.27785527660786
1 35979U 93036AVV 26122.80815037  .00004997  00000+0  70451-3 0  9997
2 35979  74.0107 321.9945 0058023  60.9437 313.9392 14.76351385907148
1 35980U 93036AVW 26119.98409146  .00004448  00000+0  89282-3 0  9997
2 35980  73.9102 216.7225 0053238 320.0943  39.6313 14.61098904635041
1 35982U 93036AVY 26123.27692310  .00002827  00000+0  53359-3 0  9998
2 35982  74.0569  75.7720 0063387 107.7495 253.0604 14.63652522882361
1 35987U 93036AWD 26123.81543982  .00002471  00000+0  71950-3 0  9995
2 35987  73.9980  61.9606 0049289 156.0899 204.2563 14.44035155631158
1 35989U 93036AWF 26123.46781002  .00000440  00000+0  15586-3 0  9992
2 35989  74.0395  23.1692 0021325  73.9341 286.4159 14.37270979892156
1 35993U 93036AWK 26123.10389328  .00003294  00000+0  59647-3 0  9999
2 35993  74.0150  60.1229 0031356 211.4501 148.4794 14.66430151625146
1 35996U 93036AWN 26123.39301872  .00008572  00000+0  45800-3 0  9991
2 35996  74.0104 170.2337 0083393 223.8602 135.5951 15.12212628744657
1 35997U 93036AWP 26122.17265027  .00002336  00000+0  58245-3 0  9997
2 35997  74.0440 282.9586 0014608 325.6165  34.4049 14.52146231729226
1 36000U 93036AWS 26118.87666763  .00020913  00000+0  17468-2 0  9999
2 36000  73.9880 169.8763 0031754 254.3297 105.4384 14.98085506622188
1 36005U 93036AWX 26124.17399032  .00000356  00000+0  10220-3 0  9995
2 36005  74.0266 187.4629 0062172 288.6922  70.7495 14.47545455896451
1 36045U 93036AXG 26124.30638597  .00007504  00000+0  11322-2 0  9991
2 36045  73.7597 137.1703 0042956 131.9406 228.5440 14.73875554104863
1 36046U 93036AXH 26123.43552149  .00002399  00000+0  43222-3 0  9995
2 36046  74.0166   3.2866 0056330 115.4758  62.6624 14.66110056660792
1 36047U 93036AXJ 26125.19737295  .00057475  00000+0  38777-2 0  9991
2 36047  74.0333  41.9755 0004583 142.8804 217.2704 15.06326017680929
1 36048U 93036AXK 26122.83300862  .00000643  00000+0  22006-3 0  9990
2 36048  74.0580  39.7601 0025333  57.9644   0.7994 14.38084412875301
1 36049U 93036AXL 26124.48308302  .00003853  00000+0  74166-3 0  9991
2 36049  74.0304 205.3520 0011744 261.4785  98.5051 14.63893290874528
1 36050U 93036AXM 26123.79550848  .00006476  00000+0  44104-3 0  9993
2 36050  74.0302 264.0798 0083815 305.5884  53.7514 15.03609212691680
1 36053U 93036AXQ 26123.58340647  .00007568  00000+0  15952-2 0  9998
2 36053  73.8706 240.0149 0030396 159.0436 201.1982 14.59314590895128
1 36058U 93036AXV 26124.71495669  .00001825  00000+0  38539-3 0  9991
2 36058  74.0200 120.7785 0046643 218.9908 140.7892 14.59466049681966
1 36060U 93036AXX 26124.26164431  .00000759  00000+0  23764-3 0  9993
2 36060  74.0291 330.1858 0014583  37.0367 323.1793 14.42337048870644
1 36061U 93036AXY 26124.63572146  .00000625  00000+0  23131-3 0  9991
2 36061  74.0220  98.1487 0038272 154.5045 205.8006 14.33963882671525
1 36073U 93036AYL 26123.10290204  .00000477  00000+0  17568-3 0  9999
2 36073  74.0325  63.3791 0023645 101.8570 258.5236 14.35138268722354
1 36074U 93036AYM 26123.27654332  .00003423  00000+0  98053-3 0  9996
2 36074  73.9924  76.3943 0043727 139.5019 220.9407 14.44821585879537
1 36366U 93036AYT 26122.96960916  .00003770  00000+0  12838-2 0  9994
2 36366  74.0697  14.9986 0085315  10.0252 350.2576 14.34798540883134
1 36367U 93036AYU 26124.33226363  .00000978  00000+0  65165-3 0  9998
2 36367  74.1016 350.7768 0262327  30.1978 331.3975 13.86947759595067
1 36369U 93036AYW 26121.37241627  .00011271  00000+0  16074-2 0  9993
2 36369  74.0284 157.6449 0013005 215.3466 144.6848 14.76771113879812
1 36371U 93036AYY 26125.04220370  .00009733  00000+0  14760-2 0  9996
2 36371  74.0121 242.1621 0008178 255.9222 104.1042 14.74193831735543
1 36379U 93036AZG 26124.47825323  .00000592  00000+0  20881-3 0  9995
2 36379  74.0135  44.3071 0045953 141.0814 337.7547 14.36320627668778
1 36385U 93036AZN 26124.70192227  .00007298  00000+0  91713-3 0  9990
2 36385  73.9694 234.1590 0134524  14.0611 346.4247 14.76010339872091
1 36420U 93036AZT 26123.46330663  .00000337  00000+0  12207-3 0  9998
2 36420  74.0396  14.9194 0017372  71.9529 108.0622 14.37034081870721
1 36423U 93036AZW 26122.74113929  .00074466  00000+0  51305-2 0  9990
2 36423  73.7780 290.4251 0061355 252.4714 106.9763 15.03925133271419
1 36430U 93036BAD 26123.96798029  .00000605  00000+0  24156-3 0  9992
2 36430  74.0052 210.2828 0096962 326.5826  32.9225 14.28084156665877
1 36437U 93036BAL 26124.31273564  .00008518  00000+0  13069-2 0  9992
2 36437  73.9385 114.9823 0022442 299.5485  60.3450 14.73573617681494
1 36439U 93036BAN 26124.39198097  .00000906  00000+0  86042-3 0  9994
2 36439  73.9689 168.9531 0423069 113.9033 250.6991 13.48280896605356
1 36441U 93036BAQ 26123.47870766  .00008705  00000+0  48111-3 0  9995
2 36441  73.8354  54.3138 0103647 124.8255 236.2740 15.09451659891021
1 36451U 93036BBA 26121.59216348  .00001483  00000+0  60473-3 0  9998
2 36451  73.9540  84.0583 0186771 237.3410 120.9597 14.19306032862094
1 36453U 93036BBC 26124.75475889  .00003572  00000+0  83123-3 0  9996
2 36453  73.9246 240.5549 0068871 112.3427  36.8440 14.53797167865456
1 36459U 93036BBJ 26100.38857877  .00003017  00000+0  11522-2 0  9993
2 36459  74.0459 145.2651 0117873 213.9220 145.4353 14.27392974 95746
1 36470U 93036BBV 26124.79514579  .00139280  00000+0  45503-2 0  9994
2 36470  73.8295 311.9663 0020908 117.6876 242.6450 15.30893246682640
1 36528U 93036BCN 26121.63145556  .00001605  00000+0  59421-3 0  9997
2 36528  74.0150 250.1651 0084138 266.6042  92.5481 14.31209301664282
1 36533U 93036BCT 26124.65593419  .00001007  00000+0  26200-3 0  9998
2 36533  74.0115 206.0069 0048949 319.1894  40.5604 14.50285458865563
1 36539U 93036BCZ 26124.76121470  .00002140  00000+0  44717-3 0  9992
2 36539  74.0204 142.1223 0029215 248.9433 110.8608 14.60243239860341
1 36540U 93036BDA 26124.40170232  .00004265  00000+0  89152-3 0  9997
2 36540  74.0285 268.4387 0013647 306.8461  53.1453 14.60089765880916
1 36550U 93036BDL 26120.18934194  .00001073  00000+0  43197-3 0  9997
2 36550  74.0432 302.1873 0076665 319.6433  39.9041 14.27695366865716
1 36551U 93036BDM 26117.22134870  .00035791  00000+0  21809-2 0  9991
2 36551  73.8817  94.2203 0038330   7.0527 353.1195 15.09589428689713
1 36557U 93036BDT 26124.64105565  .00006451  00000+0  76638-3 0  9992
2 36557  73.9798 203.0500 0021493 320.1401  39.8198 14.84475085360138
1 36558U 93036BDU 26123.74081449  .00003062  00000+0  69503-3 0  9995
2 36558  74.0422 245.4383 0012747 298.1457  61.8418 14.56418658873356
1 36559U 93036BDV 26123.45291085  .00003490  00000+0  18903-2 0  9995
2 36559  74.1249 127.1176 0257479 127.4505 235.0356 13.97296612830720
1 36614U 93036BEC 26122.11932937  .00005111  00000+0  10197-2 0  9996
2 36614  74.0226 265.9115 0014604 302.7801  57.1958 14.62152903676634
1 36622U 93036BEL 26124.55307552  .00002833  00000+0  38738-3 0  9994
2 36622  74.0139 225.1209 0067250 323.9195  35.7450 14.77506461688588
1 36632U 93036BEW 26123.45439751  .00002049  00000+0  60420-3 0  9992
2 36632  74.0023  28.4339 0033710 107.5672 252.9172 14.43912902672603
1 37084U 93036BFE 26120.05607861  .00005839  00000+0  39519-3 0  9991
2 37084  74.0271 239.1655 0093645 282.3446  76.7272 15.03179384683449
1 37089U 93036BFK 26124.06065394  .00005722  00000+0  11689-2 0  9998
2 37089  74.0366 236.4057 0130184 301.3203  57.5268 14.55860058681797
1 37094U 93036BFQ 26123.98543237  .00002252  00000+0  71408-3 0  9992
2 37094  74.1097 220.1855 0081993 149.3206 211.2781 14.38686424865514
1 37095U 93036BFR 26119.22783324  .00001041  00000+0  57195-3 0  9990
2 37095  73.8470 307.5990 0192132 341.8661  17.5681 14.04079911645655
1 37101U 93036BFX 26119.52784439  .00004319  00000+0  76763-3 0  9992
2 37101  74.0311 188.2956 0044156 241.0925 118.5811 14.66840864676913
1 37108U 93036BGE 26124.53547657  .00002602  00000+0  75516-3 0  9993
2 37108  74.0426 175.9747 0092868 217.8201 141.6408 14.42386184875654
1 37118U 93036BGQ 26104.99406129  .00006024  00000+0  75993-3 0  9991
2 37118  74.0147 200.2132 0005481 264.8630  95.1922 14.82149615673759
1 37126U 93036BGY 26122.59723999  .00001416  00000+0  19875-3 0  9990
2 37126  73.9507  78.5059 0122469 282.7697  75.9812 14.73523961101736
1 37132U 93036BHE 26121.23105811  .00008918  00000+0  11623-2 0  9990
2 37132  74.0007 319.1235 0040367  82.9784 277.5981 14.80114660644787
1 37270U 93036BHJ 26124.37664700  .00002392  00000+0  19116-2 0  9993
2 37270  73.9332 102.8786 0390948  89.1135 275.4739 13.60998145790098
1 37278U 93036BHS 26112.34605590  .00001480  00000+0  49662-3 0  9994
2 37278  73.7874 113.5122 0300383 273.0872 149.2392 14.15754660656776
1 37280U 93036BHU 26124.49139946  .00002143  00000+0  93016-3 0  9992
2 37280  74.0284 161.6914 0133805 255.6247 103.0014 14.20104151593494
1 37284U 93036BHY 26116.20873132  .00001319  00000+0  62900-3 0  9990
2 37284  74.0149 278.5337 0163249  39.9877 137.8345 14.13434754610749
1 37292U 93036BJG 26121.44897949  .00003339  00000+0  17427-2 0  9990
2 37292  74.1251 167.5953 0207083 136.0955 225.6850 14.04396951618094
1 37295U 93036BJK 26122.67012284  .00002491  00000+0  45179-3 0  9994
2 37295  74.0070   9.7258 0045548 154.4507 205.8928 14.66150196843692
1 37305U 93036BJV 26123.98370798  .00001465  00000+0  50025-3 0  9994
2 37305  73.8706  26.5361 0046974 316.8962  42.8515 14.36684445689091
1 37312U 93036BKC 26124.17050617  .00001227  00000+0  34672-3 0  9995
2 37312  74.0304 298.1930 0017599   9.0829 351.0644 14.46642255882232
1 37316U 93036BKG 26124.30870338  .00032279  00000+0  23011-2 0  9999
2 37316  74.0148  91.2506 0026159 142.9190 217.3813 15.04154113882804
1 37320U 93036BKL 26118.25357191  .00005060  00000+0  64991-3 0  9999
2 37320  74.0445 309.4822 0043853   2.4469 357.6913 14.80783072681668
1 37326U 93036BKS 26123.50801913  .00002139  00000+0  41968-3 0  9998
2 37326  74.0223  63.0991 0056768 157.3100 203.0596 14.62341434875555
1 37330U 93036BKW 26125.02614808  .00000939  00000+0  19755-3 0  9992
2 37330  74.0190  21.4487 0058281 193.7248 166.2337 14.59982476884590
1 37331U 93036BKX 26124.37883526  .00000937  00000+0  32859-3 0  9993
2 37331  74.0729 166.9043 0055359 147.7811 212.6744 14.35528336868067
1 37336U 93036BLC 26125.19009677  .00000161  00000+0  68009-4 0  9992
2 37336  74.0413  69.3176 0028845 114.9650 245.4503 14.32821038671748
1 37340U 93036BLG 26123.40362005  .00000423  00000+0  15096-3 0  9994
2 37340  74.0271  16.4915 0017352  82.2099 278.1023 14.37089656861023
1 37483U 93036BLL 26122.58806977  .00000623  00000+0  18187-3 0  9997
2 37483  73.9741 240.4919 0091786  54.7190 306.2509 14.43809692673124
1 37486U 93036BLP 26122.52628859  .00004373  00000+0  17850-2 0  9996
2 37486  73.6907 219.6718 0223815  66.9054 310.4313 14.14956477653600
1 37487U 93036BLQ 26117.17825203  .00035219  00000+0  36657-2 0  9993
2 37487  73.8961 280.8047 0029340  88.4522 272.0019 14.89356283832565
1 37491U 93036BLU 26121.49184053  .00001757  00000+0  12911-2 0  9996
2 37491  73.9078  39.7375 0311608   6.5010 354.0006 13.75744397576685
1 37496U 93036BLZ 26116.52245194  .00038279  00000+0  29343-2 0  9999
2 37496  73.9477  47.7014 0053155  27.4171 332.9801 15.00513667680343
1 37498U 93036BMB 26125.08677378  .00003317  00000+0  75971-3 0  9999
2 37498  74.0319 272.3333 0011088 308.3602  51.6564 14.55984948674405
1 37499U 93036BMC 26123.09963622  .00000349  00000+0  13244-3 0  9996
2 37499  74.0381  63.3743 0026860 108.7765 251.6305 14.34476209871760
1 37528U 93036BNH 26124.50905965  .00001132  00000+0  29245-3 0  9991
2 37528  74.0371 213.7130 0020940 323.4451  36.5279 14.51010308880015
1 37530U 93036BNK 26125.09357075  .00000463  00000+0  17203-3 0  9999
2 37530  74.0356  71.0635 0025688 102.5643 273.5593 14.34693211872888
1 37532U 93036BNM 26120.53688235  .00000600  00000+0  18827-3 0  9996
2 37532  74.0500 318.4369 0014942  26.4872   4.4024 14.42647231869170
1 37533U 93036BNN 26119.26965303  .00002078  00000+0  10060-2 0  9990
2 37533  74.0683 309.1758 0154662 333.6075  25.7243 14.13031046648638
1 37535U 93036BNQ 26125.07238205  .00001913  00000+0  40774-3 0  9995
2 37535  74.0214 160.2173 0029359 260.9552 127.3336 14.59419061874150
1 37537U 93036BNS 26121.94290568  .00000497  00000+0  17145-3 0  9991
2 37537  74.0134   6.6877 0050750 115.1356 245.5075 14.37676288870486
1 37546U 93036BPB 26124.41181432  .00013012  00000+0  14883-2 0  9997
2 37546  74.0195 175.2082 0004346 200.4366 159.6641 14.86037203680039
1 37959U 93036BPJ 26124.49566639  .00001923  00000+0  40631-3 0  9998
2 37959  74.0065 144.6896 0059206 251.1672 262.0180 14.58995732822083
1 37960U 93036BPK 26123.21225878  .00000694  00000+0  31944-3 0  9997
2 37960  74.0596 298.8384 0245536 283.7308  73.6609 14.08384037793970
1 37961U 93036BPL 26123.55587413  .00003244  00000+0  68595-3 0  9997
2 37961  74.0435 227.1345 0039893 272.2324  87.4274 14.59239486821339
1 37966U 93036BPR 26111.28626792  .00126430  00000+0  34420-2 0  9995
2 37966  73.9732 316.6679 0015677 143.5514 216.6762 15.36817077873149
1 37967U 93036BPS 26124.54153596  .00002504  00000+0  67750-3 0  9994
2 37967  74.0147 232.4782 0148461 336.8813  22.5706 14.41946760667936
1 37968U 93036BPT 26116.39023898  .00012696  00000+0  86818-3 0  9999
2 37968  74.0004 355.8654 0075755  79.1978 281.7726 15.03806591622412
1 37971U 93036BPW 26121.77920136  .00002205  00000+0  54864-3 0  9993
2 37971  73.9845 138.1775 0079445 243.3068 115.9944 14.50471008627077
1 37975U 93036BQA 26123.05369841  .00027426  00000+0  31570-2 0  9990
2 37975  74.0001  45.0735 0074473 359.3671   0.7400 14.83618420718361
1 37985U 93036BQL 26124.35118143  .00000092  00000+0  41028-4 0  9993
2 37985  74.0268   3.9727 0020412  95.6570 264.6911 14.35527362669637
1 37988U 93036BQP 26124.35193586  .00004152  00000+0  66687-3 0  9998
2 37988  74.0597 107.9791 0060585 111.2184 249.5474 14.70720393254917
1 37993U 93036BQU 26125.06272514  .00004759  00000+0  95734-3 0  9990
2 37993  74.0220 252.7832 0020863 308.0313  51.8970 14.61731994674107
1 37994U 93036BQV 26124.78634150  .00000731  00000+0  23990-3 0  9998
2 37994  74.0377  11.4671 0022231  60.3403 299.9962 14.39938002791235
1 37998U 93036BQZ 26124.28072174  .00001338  00000+0  38193-3 0  9994
2 37998  74.0363 329.2533 0018828  12.8959 347.2676 14.46060630663470
1 38001U 93036BRC 26124.67771391  .00003483  00000+0  44200-3 0  9999
2 38001  74.0005 210.1587 0064097 323.3159 187.2980 14.80664310768229
1 38006U 93036BRH 26123.29284715  .00006803  00000+0  17826-2 0  9992
2 38006  73.8439 130.3546 0067477  50.8599 309.8530 14.48090049650088
1 38054U 93036BRL 26124.19210519  .00002346  00000+0  19989-2 0  9996
2 38054  73.9558  32.5600 0348133 342.8485 168.5690 13.63330999691200
1 38055U 93036BRM 26124.72871186  .00004515  00000+0  59743-3 0  9992
2 38055  74.0086 285.5157 0063632  18.1947 353.0790 14.78829419627950
1 38056U 93036BRN 26123.73985213  .00004590  00000+0  27636-2 0  9998
2 38056  73.9242  32.7558 0273659 352.5120   7.1954 13.90055738662462
1 38060U 93036BRS 26121.99096950  .00002058  00000+0  38370-3 0  9995
2 38060  74.0433  25.9340 0057875  98.2845 262.4891 14.64611606740177
1 38062U 93036BRU 26120.46896441  .00025695  00000+0  19271-2 0  9991
2 38062  74.0074   8.5369 0016383 125.7041  50.7510 15.02458456651083
1 38064U 93036BRW 26124.23360311  .00002219  00000+0  48900-3 0  9993
2 38064  74.0225 213.3421 0047347 296.7042  62.9279 14.57346048739404
1 38067U 93036BRZ 26123.42169352  .00001414  00000+0  28076-3 0  9996
2 38067  74.0169   3.2034 0069781 116.8497  62.2124 14.61615474646251
1 38068U 93036BSA 26124.18321453  .00000595  00000+0  21208-3 0  9992
2 38068  74.0228  46.4564 0025161 104.9985 255.3955 14.36224378686914
1 38197U 93036BSM 26124.22339235  .00010448  00000+0  12477-2 0  9992
2 38197  73.9360  75.8605 0114241 275.7417  83.0743 14.79692564878590
1 38199U 93036BSP 26120.51482190  .00000422  00000+0  34486-3 0  9997
2 38199  73.9559 194.1309 0366434  93.4602 270.8490 13.65032731629151
1 38208U 93036BSY 26124.08503606  .00015164  00000+0  15641-2 0  9990
2 38208  74.0020 154.7746 0007463 242.6613 148.7972 14.90195702732754
1 38212U 93036BTC 26124.07867047  .00001804  00000+0  23431-3 0  9999
2 38212  74.0494 157.2434 0092177 187.1436 172.8435 14.78608436834134
1 38220U 93036BTL 26124.77658113  .00033035  00000+0  24125-2 0  9998
2 38220  74.0077 137.7571 0003150 244.4488 115.6376 15.03513395735139
1 38479U 93036BTP 26125.12027984  .00003209  00000+0  99031-3 0  9999
2 38479  74.0066 279.1912 0081818 356.0346 124.6225 14.39858833667508
1 38481U 93036BTR 26124.68954183  .00002104  00000+0  12646-2 0  9991
2 38481  73.9305 120.3731 0226491  31.8882 329.5729 13.95481836610545
1 38483U 93036BTT 26121.27276206  .00001769  00000+0  65442-3 0  9997
2 38483  74.2582 121.8363 0114030 186.3839 173.5867 14.29496691654718
1 38486U 93036BTW 26124.72020556  .00018092  00000+0  24706-2 0  9992
2 38486  73.9402 283.3714 0031338  39.7397 337.4621 14.78239077775441
1 38487U 93036BTX 26122.63237175  .00067761  00000+0  20214-2 0  9995
2 38487  73.9646  94.8964 0026283 226.4717 133.4305 15.33977827689483
1 39109U 93036BTY 26116.27570896  .00002921  00000+0  46127-3 0  9999
2 39109  74.0405 323.7997 0056991  33.8489  84.5431 14.71754970671520
1 39546U 93036BUC 26124.50985794  .00010828  00000+0  94219-3 0  9996
2 39546  73.9975 208.4708 0041418 330.5551  29.3300 14.96353542665699
1 39547U 93036BUD 26124.64362225  .00095165  00000+0  38748-2 0  9991
2 39547  74.0013  81.4161 0013200 203.3525 334.8705 15.23953559661866
1 39553U 93036BUK 26121.64404567  .00002074  00000+0  11759-2 0  9991
2 39553  74.0272  87.5470 0206413 191.7404 167.8880 14.00460490775759
1 39554U 93036BUL 26119.33801345  .00085161  00000+0  29416-2 0  9997
2 39554  74.0076 335.8780 0011897 135.1807 225.0358 15.29466645664758
1 39583U 93036BUN 26124.27259024  .00008959  00000+0  15292-2 0  9996
2 39583  73.9323 332.5399 0132538  55.7311 305.6323 14.63382787638621
1 39585U 93036BUQ 26122.48714778  .00001015  00000+0  21586-3 0  9991
2 39585  74.0433  33.3021 0065879 119.8266 240.9470 14.59031825645732
1 39586U 93036BUR 26122.86260369  .00000761  00000+0  34065-3 0  9999
2 39586  74.0094 334.8256 0100939  77.6309 301.2747 14.21511967629774
1 39591U 93036BUW 26124.96735016  .00000945  00000+0  29326-3 0  9992
2 39591  74.0205 340.9929 0028940  62.6251   4.4195 14.42211254638419
1 40218U 93036BUX 26123.88840525  .00000848  00000+0  26646-3 0  9996
2 40218  74.0316 345.3329 0015909  39.4668 320.7643 14.41948977609102
1 40223U 93036BVC 26124.05476435  .00115198  00000+0  40712-2 0  9991
2 40223  73.9262 150.9259 0017971 284.0093  75.9110 15.28498229615290
1 40228U 93036BVH 26122.93414492  .00000736  00000+0  23512-3 0  9997
2 40228  74.0561 359.4499 0022638  28.1388 351.3411 14.41295728609551
1 40230U 93036BVK 26124.30134381  .00001934  00000+0  50355-3 0  9995
2 40230  74.0455 319.4141 0016821 343.9447 195.1143 14.50183137610375
1 40233U 93036BVN 26123.58288844  .00003533  00000+0  73293-3 0  9994
2 40233  73.9391 191.1630 0046061 234.6586 125.0270 14.59916187612061
1 40236U 93036BVR 26117.19404248  .00001610  00000+0  17382-2 0  9995
2 40236  73.5332 290.1918 0536069 158.1550 204.3370 13.24910428554180
1 40237U 93036BVS 26124.70484860  .00166567  00000+0  49616-2 0  9997
2 40237  74.0154 109.3271 0010571 242.7550 292.6215 15.33887639616723
1 40238U 93036BVT 26121.56934970  .00001860  00000+0  19083-2 0  9990
2 40238  73.9912 208.7649 0547526 154.1757 208.7800 13.25598126558897
1 40239U 93036BVU 26118.98952221  .00001632  00000+0  31181-3 0  9993
2 40239  74.0313  12.8531 0084090  90.8766 285.7942 14.62527250616177
1 40792U 93036BVV 26122.76529360  .00004463  00000+0  75848-3 0  9995
2 40792  74.0431 134.8082 0018505 208.7851 327.6650 14.69335972652549
1 40793U 93036BVW 26125.09575499  .00000630  00000+0  32309-3 0  9996
2 40793  73.9771 273.4658 0214416  38.6598 322.9666 14.06194565702601
1 40794U 93036BVX 26122.48413565  .00052877  00000+0  36691-2 0  9999
2 40794  73.9718 197.3118 0013368 307.0295  72.6778 15.05243564640347
1 40796U 93036BVZ 26124.53211385  .00004515  00000+0  53580-3 0  9998
2 40796  74.0118 219.2402 0054534 319.0386  56.4544 14.83730461782754
1 40797U 93036BWA 26106.95092390  .00006561  00000+0  33006-3 0  9992
2 40797  73.9350 193.7181 0061950  73.6007 287.1985 15.15723578665382
1 40799U 93036BWC 26119.44194748  .00004085  00000+0  30332-3 0  9990
2 40799  73.9254 177.6284 0114252  26.5953 334.1029 14.98266211520381
1 40802U 93036BWF 26124.59257013  .00003346  00000+0  44264-3 0  9990
2 40802  74.0408 232.3789 0061623 293.6518  65.8196 14.79063224665207
1 40803U 93036BWG 26118.81499582  .00000848  00000+0  21469-3 0  9994
2 40803  74.0119 153.3078 0033418 333.0570  26.8854 14.52176419607428
1 40808U 93036BWM 26124.54534094  .00006987  00000+0  11653-2 0  9997
2 40808  74.0415 229.1600 0008550 236.9228 137.8558 14.70122210657165
1 40810U 93036BWP 26125.09197250  .00001915  00000+0  40705-3 0  9997
2 40810  74.0336 161.5097 0019870 272.0530  87.8360 14.59683362637747
1 46271U 93036BWT 26123.86970738  .00000729  00000+0  18656-3 0  9999
2 46271  74.0453 170.7881 0041365 255.2874 104.3701 14.51773094867041
1 46430U 93036BWU 26123.62828110  .00008569  00000+0  19380-2 0  9990
2 46430  73.9126  86.7410 0093666 333.2950  26.3402 14.53625175817437
1 46432U 93036BWW 26124.58909671  .00000374  00000+0  40147-3 0  9992
2 46432  73.8707 246.1672 0473451 339.4112  33.3751 13.36845729688752
1 47045U 93036BWZ 26123.61920022  .00000182  00000+0  67309-4 0  9996
2 47045  74.0586 247.8117 0029412 352.1089  26.9951 14.38979622 98468
1 47048U 93036BXC 26121.51163372  .00003995  00000+0  85082-3 0  9995
2 47048  73.9784  54.3518 0133851 208.3401 274.3961 14.53834283617207
1 47051U 93036BXF 26115.27937706  .00001486  00000+0  11876-2 0  9997
2 47051  74.1004 325.2480 0342054  48.0787  68.2467 13.67638416617632
1 47052U 93036BXG 26123.63947086  .00000663  00000+0  23375-3 0  9993
2 47052  74.0479  80.1775 0058468 121.3929  58.7996 14.35728695638255
1 47053U 93036BXH 26108.08806634  .00000495  00000+0  42789-3 0  9992
2 47053  74.0569  49.4679 0381558 195.2151 183.8703 13.60010295306067
1 47059U 93036BXP 26124.18285359  .00151912  00000+0  38442-2 0  9993
2 47059  73.9701 293.8737 0013265  81.3046 278.9663 15.39004937104751
1 47061U 93036BXR 26124.62332021  .00280780  00000+0  41635-2 0  9998
2 47061  73.9735 248.0391 0013160  41.0128 319.2074 15.54084481665618
1 47062U 93036BXS 26104.09786735  .00000477  00000+0  37666-3 0  9996
2 47062  74.0804 236.3268 0323901 333.7316 207.6937 13.72305270572804
1 47068U 93036BXY 26123.18163806  .00003459  00000+0  81992-3 0  9995
2 47068  74.0231 296.0518 0017144 353.5468   6.5471 14.54314720638120
1 47069U 93036BXZ 26108.03362727  .00012694  00000+0  14406-2 0  9992
2 47069  74.0117 222.2654 0003662 183.1233 176.9924 14.86366161743700
1 47073U 93036BYD 26124.79365492  .00000496  00000+0  28845-3 0  9990
2 47073  74.0830 312.8984 0159941 316.5360  42.3257 14.05033146623701
1 47074U 93036BYE 26124.06462918  .00005725  00000+0  17246-2 0  9994
2 47074  74.0936  48.0365 0138719  40.8319 335.9308 14.37303286 47260
1 47116U 93036BYJ 26123.27021801  .00028270  00000+0  19073-2 0  9995
2 47116  74.0197 311.7456 0017249  27.8938 147.5482 15.06395585616366
1 53093U 93036BYP 26125.14159596  .00002896  00000+0  87596-3 0  9999
2 53093  74.0371  35.4869 0019687  87.8187 272.5223 14.42684404197938
