1 24946U 97051C   26125.13329409  .00000254  00000+0  81933-4 0  9992
2 24946  86.3907   8.0291 0009924 102.8296 257.4010 14.35131674498917
1 33773U 97051L   26125.07581646  .00000791  00000+0  22756-3 0  9999
2 33773  86.4038 359.8469 0012823  46.6686 313.5582 14.43588633904151
1 33775U 97051N   26125.05587229  .00001273  00000+0  38236-3 0  9998
2 33775  86.3647 348.3671 0014721  54.0158 111.5884 14.41916907902057
1 33776U 97051P   26124.76574784  .00000727  00000+0  23115-3 0  9991
2 33776  86.4078  20.6856 0016691  87.7114 333.0658 14.38492621901388
1 33777U 97051Q   26125.04053574  .00002477  00000+0  55098-3 0  9992
2 33777  86.3775 332.8354 0008622 125.0828 235.1190 14.56600317906196
1 33850U 97051T   26125.05856718  .00000956  00000+0  28170-3 0  9997
2 33850  86.3403 328.5580 0013264  61.9952 102.2412 14.42598064902189
1 33853U 97051W   26124.69880897  .00001600  00000+0  89376-3 0  9996
2 33853  85.9960 287.0878 0209162 157.4312 216.0226 13.99773758873459
1 33860U 97051AD  26125.03037622  .00005019  00000+0  83792-3 0  9997
2 33860  86.3807 323.6971 0007683 192.1795 328.9888 14.69747943908257
1 33862U 97051AF  26125.09674884  .00008950  00000+0  13674-2 0  9990
2 33862  86.4086 334.1488 0046702 293.1409 190.9803 14.72950149909318
1 33866U 97051AK  26125.19027571  .00004932  00000+0  19141-2 0  9991
2 33866  86.3030  32.2939 0116531  60.3101 101.4524 14.26091209888548
1 33870U 97051AP  26125.13127345  .00001787  00000+0  48809-3 0  9999
2 33870  86.3769 356.7714 0022876  68.0226  86.6186 14.46657464902096
1 33881U 97051BA  26124.74808968  .00017210  00000+0  34189-2 0  9997
2 33881  86.3845  44.3505 0061626  49.7563 340.2391 14.60844250895856
1 33884U 97051BD  26124.97451308  .00014027  00000+0  17674-2 0  9990
2 33884  86.3647 304.9349 0011547 163.0723 349.2792 14.81864188909658
1 33886U 97051BF  26125.14733146  .00000421  00000+0  13723-3 0  9990
2 33886  86.3866   6.8630 0015464 131.1329  21.5068 14.36226702901106
1 33887U 97051BG  26124.97068742  .00000372  00000+0  11798-3 0  9999
2 33887  86.3002 301.6821 0007959 121.9207  10.0757 14.37366327902220
1 33953U 97051BN  26125.07405434  .00003053  00000+0  67549-3 0  9992
2 33953  86.3869 351.5089 0016130 345.7818 176.6195 14.56873067903894
1 33960U 97051BV  26124.79979979  .00019241  00000+0  18466-2 0  9997
2 33960  86.2559 221.6105 0002065 175.3689 313.0977 14.92991986909968
1 33966U 97051CB  26125.10407919  .00001711  00000+0  43444-3 0  9997
2 33966  86.3931 344.4929 0009753  84.3920  35.6407 14.50252121905196
1 34071U 97051CE  26125.00554796  .00001700  00000+0  43202-3 0  9990
2 34071  86.3421 315.5384 0007575   7.8529 352.2793 14.50219246904104
1 34077U 97051CL  26125.10628413  .00006797  00000+0  11965-2 0  9996
2 34077  86.3864 348.2250 0006773 254.7951 267.7028 14.67457622904333
1 34079U 97051CN  26124.99501051  .00014070  00000+0  15098-2 0  9996
2 34079  86.3720 303.2215 0006303 177.6518 341.0942 14.88507707911050
1 34088U 97051CX  26125.05739654  .00032092  00000+0  24710-2 0  9991
2 34088  86.3795 324.3237 0004682  56.8596  73.9305 15.01509766908853
1 34091U 97051DA  26125.06899451  .00021948  00000+0  20666-2 0  9992
2 34091  86.3474   0.5690 0028621 139.7738 220.5616 14.93424700899987
1 34097U 97051DG  26124.91591170  .00003083  00000+0  10200-2 0  9991
2 34097  86.1946 298.1471 0079694 252.9480 106.2975 14.35886187891735
1 34145U 97051DY  26124.39451703  .00002571  00000+0  74397-3 0  9993
2 34145  86.2079 268.9064 0051207 345.4713  14.5012 14.43418209896954
1 34146U 97051DZ  26124.51323122  .00002862  00000+0  73030-3 0  9997
2 34146  86.2787 286.6749 0028624 109.0724 316.5443 14.49996284901759
1 34159U 97051EN  26125.07885881  .00000845  00000+0  26709-3 0  9998
2 34159  86.3522 347.1304 0027752 172.3286 187.8343 14.38877401900202
1 34350U 97051ES  26124.97225904  .00000992  00000+0  27318-3 0  9993
2 34350  86.3230 300.6475 0021876  29.2577 133.6851 14.45808682903623
1 34366U 97051FJ  26125.10571751  .00003326  00000+0  75798-3 0  9999
2 34366  86.3694 346.8963 0021295  24.0671 130.3289 14.55467622902669
1 34375U 97051FT  26124.99062169  .00000899  00000+0  40603-3 0  9992
2 34375  86.4272 124.9693 0103090  33.0985 355.5482 14.18275932887421
1 34376U 97051FU  26124.93302492  .00008308  00000+0  15255-2 0  9990
2 34376  86.2919 301.9963 0025907  46.9189 313.4186 14.65386727901028
1 34486U 97051GB  26125.01896718  .00031290  00000+0  21749-2 0  9992
2 34486  86.3863 305.3488 0006954 316.5051 172.9285 15.05364326911355
1 34487U 97051GC  26124.96388806  .00000525  00000+0  14864-3 0  9998
2 34487  86.3397 310.7266 0031585  20.8068 131.6743 14.43444977903144
1 34492U 97051GH  26124.16796531  .00012168  00000+0  39999-2 0  9995
2 34492  86.4706 276.9081 0185509 139.2496 348.0458 14.28836104870903
1 34497U 97051GN  26124.08289083  .00001217  00000+0  46833-3 0  9999
2 34497  86.2799 351.5861 0077264 239.0825 274.6544 14.27978763889140
1 34508U 97051GZ  26125.20357697  .00004136  00000+0  12869-2 0  9998
2 34508  86.3725  41.7336 0066811  62.5060 298.2908 14.39486787893722
1 34521U 97051HN  26125.00848043  .00005246  00000+0  96800-3 0  9992
2 34521  86.3770 327.3853 0005022 116.0194 244.1537 14.65329141905691
1 34525U 97051HS  26125.10196920  .00000856  00000+0  24848-3 0  9992
2 34525  86.3740 345.6567 0004412   7.5346 148.0643 14.43297078901552
1 34529U 97051HW  26124.98417084  .00000572  00000+0  17255-3 0  9997
2 34529  86.3633 334.3668 0007101  90.3591 269.8422 14.40805533902044
1 34538U 97051JF  26124.94235815  .00002155  00000+0  62727-3 0  9996
2 34538  86.2722 302.7949 0033129 208.6318 304.2787 14.43521615898213
1 34540U 97051JH  26124.33372294  .00009257  00000+0  12594-2 0  9991
2 34540  86.3102 242.2130 0015419  42.6903 341.9318 14.78588454911268
1 34648U 97051JZ  26125.22754552  .00009719  00000+0  43772-2 0  9995
2 34648  86.3944 223.8890 0177141 203.7923 155.5002 14.14181380869877
1 34651U 97051KC  26124.30605056  .00006181  00000+0  22487-2 0  9991
2 34651  86.2780  79.7533 0137483 103.4906 258.1649 14.27916119879296
1 34652U 97051KD  26124.37473328  .00003920  00000+0  74999-3 0  9998
2 34652  86.3273 276.4102 0028520 165.0669 224.7225 14.63380356905695
1 34690U 97051KM  26125.08096000  .00001796  00000+0  40641-3 0  9993
2 34690  86.3775 334.6812 0007633 246.1050 276.6451 14.55671097901796
1 34696U 97051KT  26124.99699169  .00023803  00000+0  33790-2 0  9992
2 34696  86.1823 320.2664 0060751  35.6255 117.0216 14.75559449887785
1 34765U 97051LJ  26124.31766248  .00000987  00000+0  30128-3 0  9999
2 34765  86.3382 331.5867 0018400 106.1943  70.7907 14.40879102896668
1 34833U 97051MH  26124.38604101  .00002103  00000+0  49985-3 0  9994
2 34833  86.3944 349.4877 0018932 344.9976  74.1109 14.53360854897863
1 34870U 97051MQ  26124.32859330  .00008033  00000+0  10682-2 0  9994
2 34870  86.3089 248.5837 0017147  62.9105 326.6684 14.79520689910172
1 34896U 97051MY  26124.15611422  .00004761  00000+0  82618-3 0  9994
2 34896  86.3265 262.7122 0027513  91.3247  81.3561 14.67786377897079
1 34926U 97051NF  26124.51675611  .00020502  00000+0  40062-2 0  9995
2 34926  86.1319 301.6901 0072369 169.2003 252.6080 14.61118398885378
1 34985U 97051NR  26125.09310015  .00001436  00000+0  42468-3 0  9996
2 34985  86.3722 355.7097 0023184 108.7227  43.4991 14.42682459892419
1 35051U 97051NX  26123.48369582  .00001949  00000+0  51624-3 0  9998
2 35051  86.3200 307.0583 0007726 352.3669   7.7416 14.48314653890479
1 35052U 97051NY  26124.51917688  .00000483  00000+0  15121-3 0  9994
2 35052  86.3280 319.2825 0010737 345.5130  14.5758 14.38685277893284
1 35080U 97051PF  26124.03233713  .00119143  00000+0  60397-2 0  9990
2 35080  86.2137 342.9063 0033121  22.4998 337.7685 15.15960652718214
1 35297U 97051PM  26119.42483574  .00001693  00000+0  47088-3 0  9992
2 35297  86.3902   3.9750 0017806  50.7594 309.5185 14.45814462724151
1 35299U 97051PP  26124.54607296  .00003334  00000+0  99027-3 0  9996
2 35299  86.2868 330.9711 0055443 353.3040  35.9730 14.42102283883880
1 35480U 97051QA  26124.97903044  .00001646  00000+0  41525-3 0  9999
2 35480  86.3547 322.7968 0013360 355.5322   4.5761 14.50510248891078
1 35484U 97051QE  26124.19425280  .00044968  00000+0  25867-2 0  9992
2 35484  86.3449 285.2604 0011625 328.5443  31.5100 15.12213984641592
1 35488U 97051QJ  26124.27550071  .00009169  00000+0  10297-2 0  9997
2 35488  86.3258 234.9551 0023561 250.4602 109.4079 14.86447653903816
1 35616U 97051QN  26123.71296758  .00014702  00000+0  16723-2 0  9996
2 35616  86.3494 280.7047 0009576  50.8983 309.3091 14.86112021896807
1 35618U 97051QQ  26114.22865173  .00001209  00000+0  28755-3 0  9994
2 35618  86.3344 295.5416 0026280 294.7776  65.0696 14.52870281673179
1 35620U 97051QS  26124.34580164  .00005353  00000+0  14673-2 0  9992
2 35620  86.3901 157.1626 0137996 147.4450 213.5356 14.41436002620180
1 35622U 97051QU  26124.67812727  .00056221  00000+0  26269-2 0  9997
2 35622  86.1924 192.2100 0009023 115.0843  15.6202 15.19529325895203
1 35628U 97051RA  26124.22837128  .00006175  00000+0  10267-2 0  9990
2 35628  86.3527 305.4029 0010864 189.0292 171.0730 14.69936307885389
1 35631U 97051RD  26124.30603032  .00000816  00000+0  21521-3 0  9990
2 35631  86.3642 319.5904 0017303  13.1819 168.1910 14.47742694892594
1 35680U 97051RJ  26117.30302034  .00004588  00000+0  18248-2 0  9995
2 35680  86.1041 321.4198 0146432 206.9728 331.8904 14.22819205626271
1 35744U 97051RX  26123.79746613  .00006765  00000+0  10434-2 0  9999
2 35744  86.3265 261.1095 0022077  72.0040 288.3581 14.73099400894216
1 35797U 97051SF  26124.15434580  .00012336  00000+0  13660-2 0  9990
2 35797  86.3331 264.2688 0010396  28.4832 331.6959 14.87203628894546
1 35806U 97051SQ  26124.79990090  .00003959  00000+0  83916-3 0  9997
2 35806  86.3410 317.5638 0011691 313.1208  46.9023 14.58963259884090
1 35809U 97051ST  26123.68143889  .00011798  00000+0  15898-2 0  9996
2 35809  86.3226 270.5035 0013776 113.7753 246.4914 14.79017401889039
1 35846U 97051SW  26124.08511396  .00001407  00000+0  40722-3 0  9995
2 35846  86.3776 358.0801 0020029  66.1124 294.2173 14.43750055733828
1 35848U 97051SY  26124.80551110  .00010269  00000+0  12778-2 0  9990
2 35848  86.3860 311.5828 0009599  71.9595 288.2673 14.82392404688079
1 35850U 97051TA  26122.16423679  .00013763  00000+0  17098-2 0  9990
2 35850  86.3444 280.1463 0010886  76.4877 283.7557 14.82458618734354
1 35915U 97051TY  26123.17959467  .00015108  00000+0  17657-2 0  9999
2 35915  86.3391 278.0707 0011850  70.8014 289.4492 14.84978769101824
1 35918U 97051UB  26125.01768728  .00003100  00000+0  75048-3 0  9993
2 35918  86.4045  14.2513 0028199  53.3244  11.8650 14.52506490872869
1 35929U 97051UN  26123.60182233  .00051250  00000+0  27676-2 0  9991
2 35929  86.3447 244.8290 0014913 219.0612 140.9552 15.14410609899182
1 36011U 97051US  26124.37814995  .00001123  00000+0  33698-3 0  9992
2 36011  86.3402 334.1627 0020518 108.9305  13.9441 14.41821202665952
1 36012U 97051UT  26122.77532928  .00005414  00000+0  19428-2 0  9999
2 36012  86.4385 250.5413 0220747 171.9595 188.5231 14.21042442674860
1 36028U 97051VK  26125.06203550  .00027259  00000+0  19983-2 0  9994
2 36028  86.3238 238.8269 0015467 238.1834 121.7894 15.03303953892723
1 36080U 97051VM  26121.77793910  .00001847  00000+0  49910-3 0  9999
2 36080  86.3167 306.9571 0019036  60.5701 299.7399 14.47230814494390
1 36083U 97051VQ  26124.31126996  .00001352  00000+0  38963-3 0  9996
2 36083  86.3431 332.7728 0028204 112.8661 247.5523 14.43788886875061
1 36390U 97051VU  26123.57485515  .00006114  00000+0  88514-3 0  9997
2 36390  86.2917 234.2459 0029730  40.7720 319.5715 14.75665622683525
1 36483U 97051VZ  26124.37109980  .00001298  00000+0  35604-3 0  9998
2 36483  86.3817 351.4302 0010223  27.7417 332.4328 14.46367908672078
1 36490U 97051WG  26124.94711660  .00010060  00000+0  13276-2 0  9990
2 36490  86.3605 305.6577 0000742 293.5059  66.6084 14.79964594886001
1 36493U 97051WK  26123.25399650  .00006291  00000+0  11106-2 0  9998
2 36493  86.3530 308.7030 0008863 215.1074 144.9557 14.67313013765921
1 36497U 97051WP  26120.45525925  .00005368  00000+0  96970-3 0  9994
2 36497  86.1576 189.0700 0044911  11.2576 348.9630 14.65611634676829
1 37548U 97051XH  26123.86688658  .00002680  00000+0  64948-3 0  9997
2 37548  86.3518 341.4770 0026823  76.8556 283.5641 14.52444358675944
1 37550U 97051XK  26120.28820587  .00006067  00000+0  10207-2 0  9993
2 37550  86.3751 322.3686 0003884  36.6998 323.4483 14.69457114883666
1 37562U 97051XX  26121.39951569  .00004583  00000+0  99004-3 0  9998
2 37562  86.3756 342.6477 0024184   0.0495 119.5772 14.57972208883624
1 37565U 97051YA  26099.33400274  .00001712  00000+0  41706-3 0  9998
2 37565  86.3473 318.3481 0014606  52.1997 308.0529 14.52140920675437
1 38017U 97051YD  26124.39563355  .00006652  00000+0  15473-2 0  9995
2 38017  86.3373 103.9618 0084502 354.2765   5.7466 14.52582536634710
1 38022U 97051YJ  26122.79255312  .00002785  00000+0  82734-3 0  9992
2 38022  86.2651 314.6269 0042654 304.4493  55.2680 14.42417946712260
1 38028U 97051YQ  26124.74483022  .00000725  00000+0  19456-3 0  9999
2 38028  86.3211 298.0886 0028027  12.2227 347.9650 14.46631710675623
1 38228U 97051ZC  26124.92159932  .00000645  00000+0  24845-3 0  9990
2 38228  86.2962 347.6057 0065891  89.5793 334.2014 14.27538748868244
1 38241U 97051ZR  26123.20425630  .00003152  00000+0  71464-3 0  9991
2 38241  86.3176 288.1350 0001616 336.5865  23.5269 14.55836251622588
1 38474U 97051AAB 26123.25452926  .00001638  00000+0  40432-3 0  9990
2 38474  86.3369 308.3695 0024369 337.7716  22.2430 14.51398139673705
1 39777U 97051AAJ 26124.65924641  .00015194  00000+0  30577-2 0  9990
2 39777  85.9577 105.4513 0060864  65.0463 295.7054 14.60292575622680
1 39778U 97051AAK 26125.03610183  .00002959  00000+0  67520-3 0  9991
2 39778  86.3781 340.9767 0004764 263.6183  96.4482 14.55507355627766
1 39781U 97051AAN 26120.47374645  .00012772  00000+0  46999-2 0  9998
2 39781  86.3754 200.6999 0177042 186.8763 190.5660 14.24200589100797
1 40996U 97051ABJ 26124.23855618  .00043187  00000+0  27197-2 0  9993
2 40996  86.3415 294.1091 0005740 216.4275 266.3288 15.08972812646280
1 40998U 97051ABL 26124.40934323  .00001207  00000+0  33593-3 0  9990
2 40998  86.3856 352.7020 0006773 342.7646 142.2486 14.45641741 87427
1 46435U 97051ABN 26124.78337219  .00007076  00000+0  18206-2 0  9997
2 46435  86.2804 132.0015 0200160 164.5227  13.0618 14.38662847 99691
1 46734U 97051ABR 26118.77406775  .00002781  00000+0  82109-3 0  9997
2 46734  86.2580 302.6594 0037955 238.7248 137.1241 14.42834568649864
1 46965U 97051ABX 26123.89066829  .00003607  00000+0  72338-3 0  9995
2 46965  86.3311 277.5827 0018680 196.1364 316.1277 14.61380700643432
1 46971U 97051ACD 26116.16693559  .00047558  00000+0  31213-2 0  9999
2 46971  86.3145 269.2889 0007067 181.1926 306.0754 15.07424987662497
1 46972U 97051ACE 26121.35695721  .00001883  00000+0  46759-3 0  9993
2 46972  86.3872 339.2922 0009359  13.6253 111.5367 14.51350828635971
1 46974U 97051ACG 26123.49944152  .00011893  00000+0  30534-2 0  9992
2 46974  86.2996  43.1930 0092674  74.6820 286.4602 14.47584298595578
